0.349945
25.727509
0.000427
0.000336
79.778198
163.762085
0.00882
0.324432
0.014557
0.163727
0.015014
0.16211
0.141479
0.282257
0.121949
0.165618
0.001343
0.007416
0.146576
0.122009
0.00885
0.428345
0.314209
0.270813
1.210449
1.036255
0.002838
0.159851
0.137604
30.123901
0.559571
0.208709
0.163544
0.007233
0.0177
0.000854
0.00113
0.000702
0.0083
0.003235
0.000794
0.000793
0.001099
0.002777
0.001159
0.000947
0.00064
0.000855
0.000793
0.000672
0.000976
0.000519
0.32077
0.00586
0.000793
0.000702
0.272949
1.399628
0.003174
0.00061
0.000488
0.000702
2.965912
1.040253
0.003052
0.000915
0.000946
0.000733
4.014434
0.003541
0.000305
0.205108
0.000855
0.000702
0.000702
0.110717
0.160767
0.930054
18.592468
0.483704
0.204589
88.358613
0.681304
0.167633
64.035676
194.007293
0.159333
0.001586
21.764191
470.601654
0.530792
0.231781
128.661469
19.177612
0.66275
0.183655
0.164002
0.010956
0.015045
0.000946
0.000702
0.001037
0.001038
0.000763
0.00415
0.000824
0.000702
0.000702
0.00058
0.000763
0.000641
0.000732
0.00116
0.010437
0.000305
0.000275
0.158325
0.173675
0.022705
0.000367
0.000335
1.645752
0.002991
0.618072
0.001008
2.028259
1.358978
2.659668
18.598602
0.168854
0.001984
2.522094
0.253907
0.203155
88.617829
0.662292
0.172577
459.932831
102.95874
0.279022
0.066101
0.135559
0.129975
6.508178
0.165284
0.001587
20.035553
0.008636
0.236725
0.06134
0.028137
0.06012
0.006378
0.087403
0.027221
0.008698
0.021393
0.095733
0.032685
0.126861
0.004151
0.189483
0.027985
0.001068
7.298553
0.022736
0.000244
0.000275
0.214264
0.083099
0.001831
0.080231
0.035278
0.108002
0.075958
0.01828
0.132355
0.001465
0.018463
0.174774
0.132507
0.000855
0.086639
0.175965
0.041656
2.204742
0.22876
0.010926
0.22113
0.012451
0.265381
0.31366
1.479431
9.094147
4.91629
0.231689
4.676514
0.004578
0.139373
0.040161
0.108338
0.011169
0.058411
0.01062
0.17926
0.050751
0.010437
0.088135
0.210693
0.110474
0.039581
0.120056
0.069855
0.13858
0.052674
0.275695
0.270386
1.559815
1.032074
0.003265
0.147186
0.135804
2.000762
0.293183
0.168152
162.123321
0.001953
9.2E-05
0.447204
0.19986
0.160126
66.687897
0.660797
1.030639
0.161438
19.018891
17.765686
0.518615
0.172028
0.164002
0.003814
0.022186
0.000886
0.000701
0.000794
0.000793
0.000916
0.004394
0.000916
0.000641
0.000671
0.00119
0.000763
0.000855
0.001068
0.001282
0.000641
0.000579
0.000611
0.359253
0.001922
1.674011
0.00528
4.007996
0.008239
4.011658
0.003235
0.208404
0.171998
19.59613
0.626495
0.241577
0.167145
88.09433
0.525818
0.164795
39.995025
181.143128
0.000397
0.000335
289.363953
0.645172
0.21991
128.672363
0.392273
221.926025
0.16565
0.001495
36.826904
0.483551
0.191742
0.180085
0.004242
9.126831
0.00299
0.000794
0.001068
0.001068
0.005554
0.000916
0.00061
0.001099
0.000793
0.000672
0.00061
0.000488
0.000519
0.000946
0.000916
0.000518
0.14856
0.134674
0.068024
0.000946
2.043518
4.017975
14.736175
0.498139
0.221252
88.160828
0.63742
0.173188
219.835724
2.016845
4.012421
4.064056
153.523743
0.014465
0.354492
0.011353
0.118774
0.011322
0.046753
0.013733
0.164887
0.080536
0.010803
0.088776
0.20993
0.155579
0.055938
0.098603
0.039825
0.14505
0.204865
0.265228
0.271026
1.561829
1.036896
0.002685
0.272644
0.049958
1.537841
0.325928
0.174866
98.47348
0.301117
0.078186
1.14856
0.151733
0.001495
328.937165
78.394653
0.484894
0.199951
0.170044
0.004639
0.025726
0.000793
0.000763
0.000733
0.000824
0.000854
0.004029
0.000763
0.001464
0.000977
0.000702
0.000549
0.000733
0.000763
0.000854
0.00061
0.000641
0.000702
0.209931
0.122253
0.078918
1.59906
0.004059
4.013031
0.004425
23.985352
0.515716
0.200043
0.930603
0.199494
87.303894
0.485412
0.168183
121.077331
0.158692
0.004394
150.05719
0.541351
0.223481
128.815704
380.65451
0.15448
0.001526
117.655976
0.602783
0.195007
0.168976
0.00412
0.028229
0.000702
0.001068
0.001007
0.004547
0.000702
0.000976
0.004425
0.003205
0.000854
0.000794
0.001831
0.000335
0.000245
0.000274
0.000244
0.198243
0.061798
0.000824
0.000671
0.272553
0.000823
0.560059
1.470245
4.013947
23.447723
0.504822
0.205933
23.380127
0.007843
0.484344
0.029328
0.000885
0.00061
0.233795
0.001038
0.000702
0.122863
0.135041
0.167206
0.10556
0.191833
0.080902
0.226532
3.941346
0.155639
0.008606
0.379852
0.335755
0.163299
0.007172
29.196228
0.600281
0.203033
9.626007
18.542817
0.484924
0.164581
119.316895
0.010132
0.000244
0.458221
0.001434
0.120789
24.47583
0.008087
0.473114
0.01175
0.276153
0.013611
0.29541
0.040741
0.143982
0.125336
0.3031
0.266999
0.266906
0.002991
0.001648
0.768311
1.120544
1.109467
0.002471
1.32248
0.135284
0.010956
0.14978
0.01059
0.004089
0.174378
0.140045
0.020355
0.156738
0.168457
0.164337
0.13855
1.559265
1.031128
0.002991
0.175324
0.11325
257.85022
0.150116
0.000763
0.384552
0.193848
0.169647
37.389404
0.517883
0.175934
128.906616
318.527314
0.753387
0.157837
9.078369
0.003723
0.000305
0.000824
0.000702
0.000641
0.005493
0.000672
0.000793
0.000855
0.000732
0.000733
0.000518
0.00055
0.000885
0.000732
0.000824
0.000916
0.000824
0.000763
0.214202
0.041047
0.000885
0.055236
0.00113
0.000793
0.119568
1.544922
0.002868
0.000641
0.051514
0.301575
3.665802
0.004699
0.000458
0.050049
0.301849
3.713135
0.272461
0.000946
0.000824
11.525208
0.538757
0.183746
20.016846
2.009857
4.009613
7.07962
0.277039
0.181549
53.889221
0.508118
0.180145
31.123322
0.640716
0.174164
7.492798
0.171173
0.000641
121.146454
473.902344
0.426208
60.76062
0.151123
0.00351
64.780029
138.418762
0.402069
0.203919
0.171142
0.009461
9.315643
0.003296
0.001038
0.000976
0.00177
0.000702
0.000794
0.004394
0.000519
0.29599
0.161224
0.222992
0.161865
0.094941
0.000824
0.000824
0.000824
0.000518
0.001007
0.000519
0.00058
0.000794
0.000762
0.227845
0.062469
1.083801
4.015564
8.667115
0.004181
0.149017
0.011108
0.122498
0.011536
0.021545
0.010559
0.169403
0.090027
0.010437
0.049591
0.250061
0.089905
0.119995
0.080353
0.009582
0.143219
0.258545
0.278351
0.285309
1.561249
1.029663
0.002685
0.161957
0.125946
9.99884
0.374482
0.158661
79.493774
0.511261
0.172913
313.194152
0.000946
0.000855
27.462891
437.917358
32.469696
0.537384
0.209839
87.555389
0.482971
0.170136
0.1716
0.004669
5.037232
0.001404
0.000305
0.000427
0.000275
0.001373
0.004364
0.000275
0.000305
0.000336
0.000213
0.000244
0.000275
0.000244
0.000305
0.000367
0.000457
0.286286
0.074096
0.000733
0.000915
0.045014
0.209778
0.171142
0.057709
0.000916
0.223327
0.001068
0.11142
0.807312
0.003998
0.000305
0.404266
0.00296
0.690033
2.907837
0.004151
0.000305
0.400574
0.707702
2.96344
4.970246
2.009674
4.010009
3.97931
0.285797
0.161895
6.559723
0.150727
0.001525
3.307404
4.962311
0.003052
0.000793
73.713623
0.6138
0.20166
520.524872
26.736328
0.164368
0.001526
111.535065
0.008331
0.000244
0.422821
0.113464
0.001313
0.114959
0.170319
0.001617
0.078431
0.127471
0.001557
0.101318
0.180237
0.078827
0.001709
23.644531
0.004608
0.31427
0.0112
0.122315
0.01889
0.001465
0.015533
0.162415
0.110504
0.010651
0.02893
0.279908
0.100158
0.022065
0.167816
0.020019
0.120026
0.119995
0.286713
0.283294
1.559662
1.043244
0.002685
0.166077
0.121033
1.73236
0.274964
0.19992
207.9068
0.464966
0.188262
9.325837
0.004181
0.000305
0.000274
0.000428
0.005218
0.000916
0.000641
0.000732
0.000519
0.00061
0.000794
0.000793
0.000641
0.000641
0.000915
0.000641
0.000855
0.173828
0.055145
0.001312
0.000824
0.001007
0.000855
0.000824
0.082733
0.800079
1.135956
0.003967
4.005097
0.003204
15.34256
0.477814
0.163025
11.309875
0.434784
0.600433
0.147217
19.274658
6.749939
0.151856
0.006439
0.31604
0.195526
0.162964
34.70993
0.001099
0.012543
0.348572
13.413848
0.475861
0.215241
15.624847
0.453857
0.167023
84.297272
59.117065
0.149628
0.001678
411.01355
0.629364
0.205658
128.921478
74.718689
0.179932
0.001434
123.861542
0.549194
0.207734
0.167328
0.003662
3.491668
0.006653
0.000763
0.000733
0.00064
0.000885
0.004731
0.000702
0.000762
0.000855
0.004578
0.000854
0.000733
0.002685
0.001007
0.000519
0.001068
0.187897
0.110443
0.005615
2.004273
4.02536
20.212646
0.392731
0.200256
88.460694
0.578216
0.172211
280.48175
87.757294
0.156372
0.001526
75.486603
0.00711
0.37085
0.007385
0.12381
0.011169
0.051209
0.010345
0.153473
0.080353
0.010559
0.052185
0.230255
0.026581
0.05008
0.18991
0.015137
0.001007
0.033936
0.002228
0.000763
0.081939
0.162995
0.193451
0.298522
0.280121
0.759217
1.048217
0.002839
0.169708
0.110473
2.276764
0.282837
0.189881
261.39038
0.15329
0.006684
167.829925
0.464173
0.185546
0.164063
0.07135
17.842285
0.549378
0.165802
0.158691
0.004089
9.078003
0.006409
0.000336
0.000244
0.000244
0.000275
0.000244
0.008697
0.000733
0.000854
0.000611
0.000549
0.000702
0.001678
0.000885
0.001251
0.000916
0.000793
0.218262
0.00119
0.04715
0.004425
0.063355
1.655059
4.015046
15.428314
0.547088
0.211151
52.490021
0.12085
0.001404
35.270263
0.690094
0.217224
330.457154
0.618713
0.170105
129.109924
0.538178
0.159088
0.162872
0.055664
116.749848
0.148865
0.001525
46.827607
0.391571
3.65982
0.489197
0.189911
0.157471
0.010284
0.00119
0.001251
0.001038
269.228455
0.54309
0.161835
0.155548
0.004181
0.044739
0.001129
0.000702
0.001038
0.000702
0.004302
0.000855
0.00061
0.000763
0.000611
0.000824
0.000244
0.000244
0.000183
0.000214
0.000274
0.000305
0.268342
0.070861
0.007599
0.061798
0.004517
0.125214
0.089538
0.180115
0.055328
0.301911
0.19461
28.674286
0.65387
0.162628
87.594574
0.02359
0.435944
0.000885
0.000915
0.000855
0.035186
0.000824
0.189362
0.037872
0.000641
0.256409
0.037048
0.043671
0.156463
0.004822
0.090943
0.164184
0.116486
40.287384
0.498504
0.154358
0.160034
0.054688
101.602112
0.270447
0.063537
0.13266
0.135742
17.437805
0.001679
0.000244
9.228912
0.143341
0.140961
8.077423
0.005493
0.000885
0.001038
0.172791
0.001648
0.168396
0.086975
0.219543
0.170075
24.287414
0.023377
0.367157
0.010986
0.122467
0.019653
0.001618
0.022705
0.164551
0.120056
0.011078
0.009338
0.242767
0.076752
0.010376
0.060181
0.129425
0.030121
0.056549
0.056945
0.125061
0.27063
0.263153
1.561036
1.040954
0.00293
0.173126
0.1297
1.757721
0.274292
0.163513
145.824982
0.162475
0.006104
0.406158
0.194519
0.169495
32.791198
0.637024
0.187348
249.056244
258.890381
0.560577
0.167114
0.162171
0.004455
9.112396
0.006653
0.000336
0.000244
0.000275
0.000244
0.003601
0.000824
0.000671
0.000763
0.00058
0.000794
0.00064
0.000702
0.001099
0.000885
0.000458
0.234924
0.115509
0.032654
0.209778
0.165832
0.060913
0.000672
0.304413
0.000885
0.001617
0.046539
45.349793
0.153625
0.003235
63.381439
0.535492
0.195557
90.414337
0.518189
0.17633
129.211731
332.340119
0.157104
0.001556
267.45987
79.028717
0.603912
0.20813
0.158936
0.004181
0.044189
0.000946
0.00119
0.001068
0.000885
0.001007
0.004181
0.001068
0.000794
0.000671
0.000733
0.000915
0.000672
0.000579
0.000733
0.000671
0.000885
0.000885
0.248352
0.164704
1.613311
0.003113
0.251465
3.765106
0.002961
0.251983
3.76178
0.220581
0.000916
0.001678
0.332672
19.420014
0.495178
0.211059
12.27118
2.009582
4.010712
7.074768
0.333801
0.161163
3.674347
0.162018
0.002808
0.057068
1.182464
0.160065
0.004272
0.058136
21.344635
0.023529
0.331635
0.011322
0.118744
0.02066
0.007569
0.013153
0.166321
0.120117
0.010803
0.019165
0.001251
0.278656
0.040375
0.124237
0.028107
0.087738
0.06961
0.287934
0.280456
0.270203
1.557983
1.040711
0.003631
0.165894
0.1138
1.629364
0.168701
0.211273
27.581848
0.63324
0.169678
179.835937
0.029419
0.000641
221.30127
373.737335
0.390594
63.75589
0.158081
0.002625
32.02063
0.604156
0.208618
27.177002
0.716278
0.160859
0.159668
0.007263
0.062561
0.000366
0.000275
0.000274
0.000244
0.000367
0.000366
0.002136
0.000366
0.000214
0.000244
0.000305
0.000183
0.000306
0.000244
0.000244
0.000305
0.000214
0.267212
0.027587
0.041169
0.000885
0.182892
0.156188
0.013855
0.054627
0.448395
0.188781
0.651276
0.003815
0.000305
0.22232
0.136109
0.088684
3.573334
0.00412
4.015319
19.913666
0.564087
0.16626
12.311798
2.01059
4.01007
7.079255
0.452209
0.164062
44.096741
18.123535
0.290711
0.156067
473.082458
0.39621
17.76889
0.000916
0.000854
90.181092
138.127563
0.026459
0.000244
0.433838
0.232727
0.202545
0.161774
0.059906
0.300201
0.000397
0.000244
0.219757
0.065888
0.001525
0.231873
0.001373
0.109528
0.128479
0.001404
0.18161
0.001587
0.138458
0.140747
12.597626
9.838318
0.004455
0.150543
0.011017
0.154785
0.010621
0.177887
0.130828
0.002198
0.312927
0.156708
0.007385
0.136414
0.974029
0.004089
0.765992
1.109436
1.120025
0.002777
1.336609
0.001557
0.435119
0.161927
0.003112
0.153992
0.035065
0.010772
0.169159
0.037049
0.182831
0.164093
0.320282
0.195617
0.164582
1.558929
1.031738
0.00296
0.161896
0.030029
143.530976
0.498321
0.160767
0.159943
0.010742
0.020782
0.000824
0.000885
0.000702
0.00058
0.001038
0.000976
0.007294
0.003265
0.000763
0.000824
0.000946
0.001984
0.000213
0.000245
0.000335
0.000244
0.000306
0.000305
0.167053
0.060547
0.000976
0.01233
0.408264
0.00235
0.000427
1.341858
0.208191
0.452728
0.004181
0.000427
3.369659
0.204163
0.452423
0.003693
0.000305
3.352112
0.675751
2.007873
4.018829
12.082489
0.159424
0.007813
0.287048
0.18573
0.160553
0.416504
0.315613
0.164093
10.167846
0.003327
2.005981
0.000733
4.006469
0.002747
72.471954
0.419312
0.174347
4.658356
0.312286
1.171326
0.153747
18.168457
100.626984
0.000427
0.000366
36.172821
470.019989
0.595887
0.199859
129.217255
14.043426
0.064087
0.001343
124.01828
0.527374
0.218262
0.161804
0.004364
9.08255
0.003113
0.000671
0.000977
0.005249
0.000702
0.000824
0.000946
0.00058
0.00058
0.000488
0.000549
0.00055
0.00061
0.001221
0.00061
0.00119
0.186279
0.119629
0.000824
0.053254
0.102905
0.229523
0.087738
0.082336
0.068573
0.173584
0.001007
0.00061
0.911438
0.003052
0.304566
0.808868
2.927399
0.004211
0.251465
3.767059
10.896729
0.358124
0.18341
65.820465
0.159485
0.011475
0.432037
22.11142
0.527649
0.197265
341.103516
73.166717
0.15622
0.001526
64.705322
0.47171
0.195008
0.163421
24.232971
0.024201
0.337616
0.002899
0.059082
0.013611
0.096802
0.018737
0.07547
0.014222
0.090942
0.120026
0.02005
0.020385
0.12967
0.131225
0.138001
0.140014
0.200623
0.180115
1.559326
1.03537
0.005706
0.148011
0.060547
2.201171
0.302186
0.161895
98.989136
0.267334
0.051483
288.490387
0.516235
0.171082
0.160156
0.004303
0.031769
0.000916
0.000732
0.000977
0.00061
0.000915
0.000855
0.000732
0.003724
0.000823
0.000733
0.000732
0.000794
0.000854
0.000977
0.00058
0.000702
0.000885
0.000885
0.227966
0.106628
1.907563
4.017456
23.703399
0.613495
0.189881
9.333709
0.150757
0.003296
0.058441
0.63382
78.208496
0.558807
0.20282
55.960449
0.160675
0.001526
334.825653
0.488098
0.203644
129.417694
206.842713
0.001953
0.000213
171.375092
0.623657
0.208496
0.160279
0.003143
0.026276
0.001159
0.001007
0.000916
0.000793
0.000702
0.004456
0.000854
0.000672
0.000793
0.000946
0.000549
0.000885
0.000977
0.000916
0.000671
0.000732
0.000946
0.00058
0.366211
0.000488
0.000275
0.000275
0.078399
0.000702
1.541779
0.003082
0.50174
0.003387
3.510864
0.004029
0.501037
0.003083
23.538391
0.477844
0.200134
21.18216
0.006561
2.00415
0.004242
4.006256
0.002961
17.101745
0.551056
0.162964
11.638794
0.149444
0.006562
0.290527
31.217163
0.498413
0.197022
70.101867
0.008912
0.433685
0.000946
0.000641
0.000824
0.027588
0.0018
0.217041
0.098358
0.163727
0.146057
0.140656
0.156647
0.123199
0.190033
29.176117
137.985443
0.008118
0.000244
0.3768
0.106171
0.001373
24.589569
0.025055
0.356568
0.004791
0.023102
0.010681
0.114136
0.011749
0.078216
0.010499
0.079376
0.118774
0.00119
0.060059
0.150055
0.002685
0.084961
0.138001
0.138702
0.005707
0.19989
0.171875
1.574036
0.988891
0.002686
0.144287
0.049408
2.268158
0.500763
0.167236
47.927155
56.536163
0.15921
0.002472
221.277649
0.164612
0.00531
0.334747
0.195313
0.171051
102.708252
198.299316
0.498352
0.171234
0.151276
0.004883
0.055298
0.013916
0.000366
0.003723
0.003296
0.000336
0.000335
0.000275
0.000214
0.000213
0.000275
0.000275
0.000213
0.000305
0.000245
0.000305
0.289245
0.000397
0.117889
0.00058
0.000672
0.282135
0.012726
0.267578
0.834839
0.160095
0.006317
0.056152
0.186554
0.517029
0.003235
2.345123
0.34549
0.637268
0.062774
0.635804
0.003357
0.760803
2.547363
0.252625
5.600006
11.200012
2.880798
0.305603
0.193573
12.080109
2.010681
4.010529
0.91922
44.79953
24.835968
0.520629
0.164673
21.47937
0.000672
9.1E-05
129.316254
0.515472
0.1969
129.478058
393.272522
0.147278
0.001525
206.59729
18.324036
0.611176
0.198028
0.164673
0.004211
9.034913
0.00296
0.001007
0.000854
0.000672
0.000824
0.005096
0.001221
0.000671
0.000702
0.000916
0.000732
0.000671
0.000855
0.000885
0.00061
0.000733
0.00061
0.313416
0.002258
3.670471
0.162415
0.008484
0.309265
105.55133
0.528656
0.189881
23.879333
0.011566
0.366913
0.017212
0.006928
0.010955
0.129456
0.01181
0.046753
0.010651
0.118439
0.100006
0.040344
0.003876
0.058624
0.087555
0.120086
0.089966
0.099549
0.080536
0.167816
1.559906
1.039673
0.002807
0.141907
0.059235
2.459259
0.478973
0.171539
159.059082
0.150849
0.004455
124.073944
0.159363
0.001648
146.105194
438.384033
0.62381
0.195954
0.157806
0.003113
9.009796
0.002991
0.000763
0.000701
0.001038
0.000916
0.004821
0.000824
0.000672
0.000915
0.000733
0.000702
0.000976
0.000641
0.000946
0.000824
0.000732
0.142426
0.000824
0.000763
0.063141
1.798462
4.01474
71.261993
0.00061
32.720185
0.682647
0.214325
40.729126
553.388245
0.337189
43.886108
0.000397
0.000336
2.407165
102.16861
0.283722
0.059967
0.129303
0.147064
26.641083
0.330688
0.128601
7.899384
0.005768
0.000671
0.000885
0.167908
0.001556
0.116425
0.065979
0.134552
0.00064
0.008606
0.144165
0.001435
0.024994
0.124633
0.001526
0.156647
0.001343
0.091736
0.146606
0.00174
23.912628
0.023437
0.327057
0.005554
0.016694
0.002929
0.127014
0.010376
0.071869
0.010254
0.087341
0.130036
0.02008
0.024262
0.116058
0.030091
0.129577
0.122193
0.03778
0.135071
0.026428
0.140747
1.559327
1.042724
0.003113
0.149902
0.032837
2.435822
0.299988
0.165619
88.244445
0.496643
0.164582
0.152801
0.003601
9.19928
0.007477
0.000915
0.000916
0.005463
0.004364
0.000762
0.000794
0.000763
0.00058
0.000763
0.000732
0.000885
0.00058
0.000671
0.000794
0.001098
0.000245
0.173065
0.143127
0.001679
0.002807
0.003723
0.000946
0.33606
0.000855
2.03833
0.00357
4.011383
0.003052
14.549316
0.575867
0.215424
19.930481
2.010955
4.009461
62.033417
0.609008
0.162232
63.74469
0.153625
0.001953
0.355591
0.188568
0.166108
19.075103
0.692841
1.198273
0.153198
18.521484
61.832306
0.389618
54.285065
68.29602
0.000458
0.001434
401.368622
0.621918
0.21759
129.510834
78.451538
0.499023
0.16507
0.163605
0.004303
9.134918
0.003509
0.001313
0.000671
0.008942
0.000824
0.000976
0.001038
0.000702
0.00061
0.000611
0.000793
0.000732
0.000855
0.00061
0.149353
44.459168
0.155365
0.001526
65.336547
0.605011
0.191559
400.628479
162.859223
0.022888
0.355163
0.007386
0.057037
0.011017
0.075104
0.023285
0.090911
0.010621
0.058868
0.149994
0.001068
0.115021
0.064148
0.179138
0.09079
0.089843
0.080475
0.157776
1.55893
1.037841
0.002655
0.152558
0.059845
2.402496
0.483246
0.168732
36.759124
0.147858
0.001526
291.310944
0.592376
0.203614
0.167541
0.003418
0.049927
0.000366
0.000275
0.000274
0.000367
0.000335
0.000305
0.000306
0.247192
0.219635
0.156494
0.086334
0.000702
0.000641
0.000946
0.000702
0.00061
0.000733
0.000641
0.000732
0.00058
0.240112
1.032013
4.019898
24.006775
0.622283
0.158295
69.686066
17.569336
0.518677
0.161743
279.936493
0.000396
0.000336
171.429352
0.496002
0.203217
129.717254
317.546509
0.623169
0.156403
0.151031
0.003876
9.047333
0.007904
0.000671
0.000793
0.000763
0.000946
0.000916
0.001831
0.000824
0.000854
0.000672
0.000702
0.000763
0.001159
0.159668
0.000397
0.000702
0.184845
0.001068
0.029053
0.199829
0.180115
0.059662
0.000946
0.203521
1.171814
0.153992
3.858215
23.851563
0.59909
0.164002
12.361816
0.007263
1.984314
4.009888
7.057037
0.154877
0.002289
53.671783
0.639801
0.198029
137.470367
0.009034
0.465393
0.001068
0.000824
0.000793
0.022705
0.000702
0.239807
0.111359
0.155548
0.13147
0.117035
0.173736
0.121857
4.920197
7.188781
0.473633
0.17514
9.809876
137.670257
0.007935
0.000244
0.377136
0.090302
0.001282
0.226043
24.323822
0.024537
0.335022
0.010742
0.023529
0.010834
0.133666
0.010651
0.054779
0.01059
0.119293
0.090057
0.010376
0.060028
0.00113
0.118896
0.121399
0.066559
0.091797
0.080261
0.162445
0.959412
1.032562
0.002655
0.172485
0.022522
3.121582
0.381256
0.170136
78.725036
0.030091
0.000549
0.388916
0.20987
0.162384
232.177856
0.158844
0.001678
118.004487
137.62799
0.626221
0.210541
0.160156
0.007324
0.048096
0.000488
0.000336
0.000275
0.000305
0.000335
0.001191
0.000274
0.000275
0.000305
0.000275
0.000213
0.000275
0.000183
0.000366
0.000275
0.000244
0.000244
0.312439
0.000733
0.104248
0.002197
29.604156
0.514893
0.18988
88.263977
0.557068
0.163666
13.863922
0.338715
197.002319
0.585419
0.168152
114.16745
0.145965
0.002686
15.410827
557.597046
0.673951
0.198852
0.160095
0.005616
0.0513
0.006408
0.000336
0.000275
0.000305
0.000305
0.000305
0.001526
0.000397
0.000213
0.000214
0.000244
0.000214
0.000335
0.000397
0.000336
0.000275
0.000183
0.000244
0.318359
0.000397
30.507385
0.558716
0.205627
9.727936
77.630738
0.587707
0.166229
40.7276
0.000428
0.000305
18.415252
0.512116
0.191681
0.173736
24.280152
0.007049
0.332123
0.007691
0.039856
0.010589
0.11911
0.010468
0.069671
0.010621
0.098938
0.119995
0.04364
0.001831
0.124664
0.02063
0.128021
0.136841
0.186127
0.160675
0.159576
1.559265
1.042725
0.00296
0.139984
0.059754
2.215698
0.483215
0.168824
429.882934
164.503296
0.343658
67.215821
0.15216
0.001526
145.369141
0.493164
0.183929
0.158936
0.004456
5.02835
0.008332
0.000335
0.000275
0.000244
0.001648
0.000885
0.000794
0.000763
0.000518
0.00055
0.000763
0.000824
0.000793
0.00058
0.001312
0.000733
0.000732
0.214416
0.000824
0.117157
0.000306
0.000244
0.000305
0.000275
1.698669
4.020355
4.014832
14.960357
0.530488
0.19989
60.21759
0.498596
0.172333
27.519867
0.635681
0.159027
101.590607
319.318146
0.148956
0.001526
280.604645
0.656005
0.197052
0.162537
0.059479
0.314056
136.060181
0.034729
0.000244
0.374451
0.047821
0.001617
0.150635
0.001526
0.065094
0.183746
0.001709
0.000733
0.322814
0.001008
0.142089
0.21753
0.081939
1.265412
4.009399
4.012268
2.008545
2.313568
1.708893
4.061615
4.070191
0.004486
0.14682
0.010894
0.015107
0.010772
0.128601
0.011506
0.048034
0.010803
0.109131
0.099976
0.045868
0.094238
0.050354
0.170746
0.084747
0.094055
0.090119
0.165893
1.559967
1.030854
0.002655
0.14389
0.027191
30.860077
0.52475
0.161255
0.151245
0.012451
0.012573
0.001374
0.000702
0.000854
0.004303
0.000793
0.000855
0.000671
0.00058
0.000641
0.00061
0.000672
0.005005
0.000824
0.000641
0.00061
0.001007
0.330414
0.001098
0.000977
0.000671
0.069275
1.599732
4.022918
4.021424
3.030426
0.15747
0.002991
0.056549
16.769165
0.529724
0.194092
0.120636
0.451325
0.178161
87.642365
0.550079
0.163696
89.574433
0.160522
0.006684
0.436889
0.205231
0.162598
75.291809
0.565521
6.664185
0.153472
108.504212
0.610992
0.159027
0.162445
0.054413
23.364228
0.539123
6.658081
0.151062
132.714081
0.579346
0.780945
0.156127
18.472077
284.931427
0.581146
0.169556
36.614227
0.158814
0.001678
92.130707
0.406738
0.620941
0.381165
0.189819
0.16388
0.055053
16.792847
0.518036
0.172607
0.152649
0.00528
5.043091
0.003143
0.000702
0.00061
0.004883
0.000763
0.000793
0.00055
0.000885
0.000793
0.000488
0.00058
0.000611
0.00061
0.000732
0.356476
1.665009
0.003143
4.011719
0.003204
3.960541
0.211395
7.04895
0.170105
0.006043
0.353943
7.260986
0.395325
0.203643
0.166291
0.283783
0.162506
87.900635
0.530029
0.158752
461.644104
19.634095
0.154052
0.002564
142.705047
0.008637
0.339966
0.002929
0.016724
0.002869
0.137085
0.010528
0.010285
0.010589
0.168488
0.030029
0.090118
0.059174
0.030762
0.001556
0.191132
0.117431
0.039795
0.159973
0.166596
1.00946
1.03888
0.002685
0.156159
0.036407
2.967957
0.391998
0.189941
99.266816
0.288086
0.076507
168.18866
0.59906
0.163483
0.16156
0.004882
0.023865
0.002014
0.00116
0.004395
0.000793
0.000793
0.000611
0.000824
0.00061
0.000855
0.000518
0.000946
0.000733
0.000702
0.00061
0.19223
0.000977
0.000732
0.00177
0.105988
0.155456
0.054322
0.170379
0.069703
1.007171
0.274872
0.002014
0.432831
3.615234
0.40445
3.561676
19.98056
0.551056
0.23111
88.292175
0.503754
0.173156
41.573181
160.717347
0.096039
0.001403
308.470246
0.615326
0.196319
129.919617
167.941315
0.62857
0.159424
0.161163
0.025147
0.000885
88.856415
0.472076
0.16684
0.151519
0.00354
5.0336
0.01001
0.000336
0.000274
0.000245
0.000244
0.000244
0.000183
0.000793
0.000824
0.000672
0.001007
0.000732
0.000977
0.000915
0.00058
0.000824
0.00061
0.001618
0.168243
0.072968
0.197723
0.219879
0.152405
0.054932
0.208038
0.000977
0.929474
0.00357
4.01178
0.002808
19.630584
0.575531
0.168549
11.731933
0.03949
0.001343
76.04184
0.490448
0.186309
204.84961
0.008941
0.438477
0.000427
0.000244
0.000275
0.266846
0.001159
0.000885
0.135468
0.129547
0.175324
0.094726
0.246643
0.033753
0.213317
14.895051
101.690734
0.262329
0.059357
0.133667
0.130249
26.720307
0.323486
0.188324
7.853363
0.006103
0.001008
0.000854
0.215118
0.034455
0.054291
0.111908
0.004211
0.154541
1.460937
4.008545
4.012604
15.007385
0.007447
0.350006
0.010864
0.022644
0.025635
0.123718
0.010223
0.055054
0.010742
0.109162
0.090088
0.009887
0.07956
0.050934
0.06958
0.080352
0.148407
0.015747
0.168488
0.166016
1.559143
1.038269
0.002655
0.186096
0.002747
2.422821
0.287048
0.172302
99.060639
0.009368
0.000245
0.282592
201.977143
0.155945
0.004089
0.306244
0.183563
0.160126
57.396301
0.563019
0.158203
70.047455
77.84967
0.566834
0.166076
0.162445
0.004395
5.036011
0.00296
0.000915
0.000672
0.000824
0.000763
0.000854
0.000916
0.000885
0.000763
0.004486
0.000641
0.000518
0.000611
0.00058
0.000671
0.000641
0.000946
0.000885
0.000549
0.001038
0.528229
0.180114
0.156525
0.077057
0.279358
0.751373
1.26416
2.759857
1.258881
106.853912
0.59314
0.166657
270.550354
0.514343
0.174591
130.101166
46.658844
0.147857
0.001496
279.104614
0.434357
171.569305
0.572357
0.200012
0.159913
0.00476
5.055603
0.004761
0.000488
0.002076
0.002044
0.007019
0.001038
0.000854
0.000672
0.001007
0.000244
0.000275
0.000244
0.000244
0.000275
0.000366
0.000396
0.297791
0.079895
0.210144
0.155731
0.070374
0.241363
0.003266
2.016296
4.010223
17.927277
0.497009
0.163758
70.387451
17.993317
0.480712
0.161164
143.76065
0.011902
0.362671
0.011139
0.17923
0.010528
0.185669
0.110382
0.060089
0.184449
0.065155
0.159332
0.156097
0.733643
0.003967
0.766907
1.109955
1.119995
0.002533
1.324066
0.151093
0.011016
0.107087
0.055572
0.010437
0.158203
0.080475
0.061524
0.030487
0.087982
0.185455
0.151795
1.559814
1.038727
0.00296
0.150513
0.060364
20.040527
0.001678
0.000214
407.157867
187.890595
0.409027
129.659515
0.685791
0.16623
0.151214
0.004639
0.039062
0.000855
0.000824
0.007416
0.003082
0.000732
0.001313
0.000366
0.000305
0.001068
0.000305
0.000305
0.000489
0.000244
0.000305
0.256744
0.001282
0.074219
1.66629
0.356201
3.673127
0.354583
23.677613
0.533447
0.192444
10.525421
2.009064
3.535644
0.164581
0.001435
0.304596
7.069732
0.447266
0.202576
50.720306
0.059967
0.006256
0.413269
12.752869
0.597137
0.189881
30.391845
0.473237
0.166564
130.155518
0.499359
463.743164
0.346833
93.71405
0.148926
0.001587
41.573211
137.261536
0.025116
0.000244
0.457001
0.298553
0.203552
0.158722
0.004517
0.067017
0.214141
0.000855
0.128967
0.001404
0.268005
0.074585
0.125336
0.000671
0.116791
0.099304
0.114258
0.080963
0.158692
0.079925
0.078644
7.977356
0.003143
0.001099
0.000824
0.000885
0.00534
0.000916
0.000732
0.000702
0.000611
0.00061
0.000732
0.00058
0.00058
0.000824
0.000855
0.000579
0.243561
0.000855
1.743713
0.003143
0.051087
0.000488
0.200928
0.113952
3.670777
0.00534
0.051178
0.201355
3.803742
4.214813
0.004517
0.15335
0.011017
0.021088
0.010681
0.115387
0.013886
0.070373
0.014801
0.073517
0.136993
0.080079
0.08197
0.033386
0.164551
0.020294
0.124634
0.055664
0.155365
0.002472
0.006225
0.045838
0.099701
0.011871
0.142029
0.010864
0.165039
0.145996
0.347595
0.176423
1.524566
1.664581
0.003052
0.168244
0.000549
9.894623
0.343475
0.211029
79.413727
0.637756
0.161713
235.664123
0.154969
0.006195
0.468567
0.1828
0.180115
104.502655
159.468231
0.154388
0.001526
25.61203
0.600556
0.430877
0.161072
19.670777
263.064514
0.597686
0.168793
87.188782
0.577057
0.170288
0.159943
0.004547
9.077087
0.003174
0.000671
0.000702
0.005951
0.000946
0.000733
0.000885
0.000549
0.000702
0.000519
0.000702
0.000854
0.000916
0.00061
0.000549
0.00116
0.317566
0.010437
0.000854
0.006836
0.099488
0.09436
0.17041
0.055115
0.188965
1.399902
0.109772
3.927856
0.104462
26.405212
77.165955
0.714813
0.16864
280.059509
0.147889
0.001617
241.741974
2.012878
4.010163
4.064056
42.739685
0.352997
84.032227
0.48468
0.191162
0.165771
24.280579
0.004639
0.294738
0.011536
0.022888
0.010529
0.133209
0.011353
0.01535
0.014496
0.114776
0.090149
0.146851
0.063263
0.17987
0.120118
0.050323
0.139557
1.519226
1.033386
0.002655
0.164978
0.00055
2.645111
0.290069
0.165924
207.636109
0.546875
0.170746
0.149353
0.00357
9.141754
0.009125
0.00119
0.000733
0.000732
0.000641
0.005341
0.001617
0.000916
0.000274
0.000305
0.000306
0.000213
0.000275
0.000366
0.000244
0.000305
0.000275
0.195709
0.000885
0.001129
0.002869
0.000824
1.814117
0.003205
0.000732
4.01236
0.003021
0.000672
103.985229
0.68869
0.197388
70.190155
0.050964
0.001496
31.563903
2.013062
4.009949
4.063965
459.103332
0.592957
0.200286
130.070954
149.099853
0.000672
9.1E-05
18.713593
0.684906
0.17987
0.155549
0.027343
28.407593
0.455261
0.162049
6.289947
0.152039
0.013153
0.324005
2.578979
0.001404
0.000427
0.000306
0.000305
0.000244
0.001465
0.000305
0.000214
0.000213
0.000244
0.000244
0.000245
0.000244
0.000427
0.000214
0.000244
0.000244
0.230987
1.808228
0.003143
4.033539
0.003235
4.009125
0.204864
16.847687
0.638092
0.198181
82.109772
0.471954
0.166687
270.102692
0.008942
0.434387
0.001251
0.000824
0.000793
0.047486
0.000885
0.202576
0.03955
0.20752
0.071503
0.184967
0.102294
0.142151
0.122925
10.378327
137.210113
0.023346
0.000244
0.312958
0.001129
0.119843
24.592559
0.023224
0.352845
0.002929
0.027191
0.010987
0.135467
0.010407
0.019378
0.010132
0.162964
0.016815
0.14502
0.00235
0.20169
0.114533
0.066406
0.090088
1.559418
1.034424
0.00296
0.162719
0.030457
2.668213
0.385132
0.173797
160.193482
0.000397
0.002136
0.35498
0.191803
0.161713
78.506012
0.498077
0.167206
190.296021
0.496459
16.776459
0.46283
0.163147
0.152984
0.00409
0.018982
0.000824
0.000793
0.000702
0.000885
0.000702
0.000793
0.004303
0.000702
0.001068
0.000794
0.00061
0.00055
0.001159
0.000763
0.000885
0.000885
0.000733
0.000915
0.314819
0.004242
0.000458
0.000275
0.071411
0.000519
1.608001
0.355133
0.052735
0.915619
0.344848
0.189911
2.184021
0.307862
0.052551
23.666382
0.654388
0.163849
88.343109
0.517944
0.169983
331.034363
0.498017
0.175354
48.582305
0.133271
0.001556
81.577149
437.337432
0.492493
0.197968
0.170074
0.003815
9.125915
0.00531
0.000794
0.005493
0.000732
0.000702
0.00058
0.00061
0.000977
0.000946
0.00058
0.00058
0.000549
0.00058
0.000793
0.00058
0.000824
0.226868
0.134796
0.000793
0.000916
0.001831
0.092529
1.537384
0.053498
0.451629
3.513428
0.054138
0.451935
3.561951
0.279846
0.153351
0.393738
99.162475
0.498566
0.199859
41.888703
122.091614
0.145813
0.001556
39.981293
0.012329
0.356933
0.019288
0.152618
0.010498
0.179382
0.158966
0.002228
0.221039
0.097839
0.090088
0.001007
0.087616
0.091339
0.007172
0.082764
0.26416
0.152923
0.032837
0.120179
0.010833
0.138153
0.010865
0.130798
0.039185
0.140472
0.001678
0.299866
0.142731
0.131317
1.559814
1.02948
0.002716
0.171967
0.000488
0.886811
0.365081
0.207581
210.106079
0.5
219.782684
164.045624
0.337158
93.009217
0.486847
0.161712
9.3284
0.003021
0.000946
0.000885
0.000916
0.000976
0.000702
0.000672
0.000671
0.000854
0.003602
0.001007
0.001922
0.370819
0.174225
0.171601
0.074249
0.000824
0.000732
0.000794
0.000702
0.00064
0.000489
0.000732
0.000824
0.414093
1.60141
4.022034
4.01062
33.581482
0.1669
0.001526
65.482697
0.62738
0.211334
90.704468
0.514008
0.190063
130.308716
464.01471
0.35791
23.041076
0.000885
0.000977
112.546844
77.510346
0.482605
0.197388
0.160095
0.00412
0.021423
0.000824
0.000915
0.000946
0.000855
0.004211
0.000885
0.000611
0.000793
0.000733
0.000579
0.000611
0.000793
0.00055
0.000579
0.000794
0.000732
0.309693
0.01831
0.009766
0.000732
0.002106
0.198395
0.161011
0.055023
0.298767
1.286133
0.002899
4.013153
0.003326
16.707123
0.294617
0.065307
0.121064
0.145477
6.971313
0.420044
0.174836
12.310607
6.77771
0.144257
8.198608
0.006745
0.000274
0.000184
0.209228
0.08905
0.001648
0.081025
0.180267
0.000915
0.054627
0.125274
0.042603
0.001709
0.174652
0.001862
0.166198
0.001496
0.265259
0.001342
0.942322
4.008118
4.012207
2.029327
2.887299
9.86087
0.004364
0.14328
0.010864
0.025818
0.010834
0.130005
0.010986
0.02826
0.016449
0.1333
0.040009
0.101318
0.001068
0.058747
0.238556
0.027404
0.120148
0.062775
0.082275
0.058258
1.509094
1.034363
0.002686
0.145294
0.000488
2.824799
0.26886
0.160064
3.003937
0.159943
0.004944
0.074798
0.217407
1.796997
4.009614
18.832061
0.594086
0.039398
0.220612
16.622619
2.011475
4.010071
379.027008