1.310882
109.957489
0.298462
173.428284
2.192932
282.807526
2.636688
282.376678
2.696686
160.122162
0.335358
121.848999
2.623627
282.363922
2.747924
140.764283
2.649048
0.270721
0.023529
0.326538
0.039734
0.040283
0.319885
0.364533
0.057068
0.218231
0.172333
136.999695
2.688629
2.390869
206.487182
0.526246
72.916595
2.677582
282.319855
2.590698
282.406097
2.101563
260.375732
0.328369
22.227234
2.70224
282.268158
2.061524
283.022369
2.184143
282.734833
2.683075
22.568023
0.530854
259.220611
2.096222
282.900604
2.066315
282.958985
2.117736
79.441742
0.527191
202.883942
2.684784
282.317749
2.037842
282.956878
2.657929
129.787201
0.31485
152.244476
2.101868
282.906799
2.130005
282.878021
2.128784
178.008637
0.559448
104.28476
2.718963
282.287995
2.103973
282.888092
2.799347
226.677948
0.529266
54.988861
2.667145
282.329071
2.111634
282.893493
2.778015
275.379792
0.522735
6.317536
2.162475
282.878479
2.098908
282.875885
2.090698
282.91272
2.194366
40.27359
0.536041
241.986268
2.061553
282.937012
2.059845
282.968628
2.078583
89.051727
0.527405
193.307159
2.000611
283.006347
2.111084
282.883515
2.143158
138.308471
0.520173
144.039215
2.069183
282.928223
2.078826
282.917084
2.069947
187.016754
0.69162
95.262817
2.095825
282.857697
4.059448
2.130096
278.823212
0.494202
237.882782
0.524658
46.096649
2.052826
282.945282
2.072632
282.931793
2.184418
282.812591
1.788758
0.32666
282.909637
2.046662
282.91455
2.122773
282.919128
2.087646
48.009278
0.02478
0.585236
234.277557
2.010071
282.974274
2.153625
282.840851
2.115509
97.371796
0.005554
0.581268
184.970673
2.057129
282.909423
2.057862
282.932525
2.154358
145.928467
0.02301
0.596863
136.300629
2.088409
282.922394
2.154785
282.850617
2.126281
195.313416
0.524444
87.020752
2.109375
282.924195
2.081909
282.884827
2.112518
243.931793
0.545715
38.444794
2.104675
282.892518
2.138854
282.827729
2.13504
282.863129
2.075378
8.313019
0.525879
274.084686
2.102234
282.977081
2.0401
282.910248
2.117066
56.959564
0.529602
225.3573
2.020599
282.98169
2.146606
282.853516
2.052642
106.312867
0.525848
176.102509
2.095642
282.911956
2.05542
282.948822
2.088288
155.025543
0.024963
0.538025
127.31662
2.061829
282.942627
2.1445
282.854706
2.122589
204.237946
0.030243
0.589691
78.02124
2.077881
282.940369
2.137085
282.841278
2.105774
252.941803
0.526031
29.460083
2.019867
282.948334
2.048584
282.948303
2.098785
282.899811
2.097656
17.252717
0.546691
265.115387
2.107941
282.869812
2.081848
282.937287
2.079315
67.542358
0.000824
0.586243
214.785858
2.021759
282.990967
2.075836
282.926819
2.120239
115.789246
0.028595
0.591064
166.502533
2.055786
282.932892
2.064056
282.922272
2.974762
164.270844
0.547485
117.190735
2.088043
282.906006
2.101013
282.908417
2.038818
213.879181
0.010376
0.578156
68.489929
2.049408
282.948425
2.068756
282.924652
2.062805
261.917389
0.020966
0.59906
20.406616
2.083008
282.924439
2.092926
282.906158
2.070862
282.920593
2.167694
26.112152
0.526459
256.200409
2.056946
282.983886
2.063477
282.913422
2.123596
74.790893
0.52826
207.531311
2.106842
282.891845
2.107056
282.91626
2.05899
122.886505
0.522034
159.51944
2.040192
282.957641
2.12854
282.874268
2.023041
172.274017
0.001648
0.58255
110.131134
2.057892
282.92395
2.094574
282.906189
2.129455
220.797944
0.025299
0.594543
61.468536
2.091004
282.926666
2.080353
282.903442
2.103943
271.290863
0.004486
0.601807
10.996918
1.732818
0.340027
282.90921
2.097962
282.921142
2.077759
282.901245
2.144257
35.04953
0.042297
0.597748
247.17453
2.012909
282.975342
2.131988
282.905335
2.102081
83.748962
0.032288
0.58725
198.507507
2.090698
282.922669
2.144531
282.852875
2.104401
131.788513
0.025238
0.614959
150.464386
2.083893
282.89624
2.080933
282.916748
2.03067
179.986969
0.511078
102.471894
2.057189
282.956604
2.140442
282.854157
2.08313
227.914612
0.533416
54.465973
2.103272
282.89331
2.104004
282.89502
2.72052
275.329284
0.529663
6.431611
2.118377
282.880676
2.07663
282.911499
2.135712
282.882995
3.624237
38.714478
0.525085
242.129364
2.138672
282.860352
2.100738
282.894562
2.048859
88.934326
0.524536
193.490021
2.078094
282.929566
2.127838
282.864716
2.072418
139.152862
0.013062
0.327209
143.434326
2.080048
282.933685
2.869172
282.136352
2.693665
188.581573
0.010254
0.577881
93.129486
2.079864
282.914277
2.072601
282.927185
2.608978
239.822571
0.030243
0.309875
42.217988
2.700469
282.312104
2.082489
21.166382
2.823974
0.018768
0.381073
0.059968
0.03012
0.309662
0.239258
0.048401
0.292511
0.103943
257.445495
2.786774
2.297699
279.917389
2.062988
2.058686
0.531219
280.336334
2.677368
282.340912
2.758118
282.228577
2.766693
52.627807
0.306336
229.311554
2.712372
282.287078
2.759919
282.242553
2.801056
101.654206
0.531494
179.993469
1.99527
283.010406
2.137146
282.862305
2.695709
150.43158
0.736908
131.137512
2.704956
282.309692
2.133057
282.876099
2.061279
200.337006
0.54132
82.046753
2.172516
282.817169
2.030182
283.005097
2.062957
251.249299
0.291595
31.354584
2.031646
282.977906
2.777679
282.221283
2.781616
282.211304
2.022736
14.004333
0.525421
268.441071
2.076507
282.932282
2.708313
282.306579
2.716279
62.638946
0.522308
219.102662
2.05545
282.950256
2.702759
282.293945
2.727204
113.494842
0.968384
167.80896
2.056275
282.945282
2.820892
282.172638
2.682159
164.815277
0.004639
0.307251
117.201355
2.708435
282.287933
2.760193
282.235596
2.750122
213.204529
0.02362
0.596222
68.430481
2.794739
282.204987
3.341095
6.908874
274.753601
3.011627
264.334992
0.013885
0.305542
17.327454
2.690704
282.316071
2.958069
282.035431
2.73526
282.264587
2.7612
30.868805
0.023163
0.306579
251.060456
2.711609
282.26828
2.757385
282.259155
2.867523
81.278687
0.014923
0.377075
200.44577
2.743439
282.249085
2.040557
282.971955
2.710327
131.748505
0.019104
0.301269
150.228302
2.014801
282.972077
2.865936
282.133545
2.725799
182.640473
0.337066
99.302643
3.044251
6.403045
275.550141
2.700134
282.316101
2.689301
233.278137
0.298065
48.711945
2.772125
282.237976
2.672485
282.33963
2.712006
282.273315
1.538514
0.175811
283.284394
2.769989
282.284759
2.75708
282.196106
2.706696
49.408172
0.024384
0.35553
232.491028
4.874389
280.134155
2.809266
282.188263
2.653045
99.526978
0.027588
0.325897
182.466186
2.746003
282.249054
2.706085
282.301178
2.766723
149.259125
0.028961
0.351349
132.582825
2.081879
282.925537
3.345733
281.657654
6.428223
0.47879
195.610504
0.356323
82.113831
3.26651
281.749908
3.911164
281.083801
3.152374
258.653748
0.012298
0.367798
22.808289
3.300903
281.695587
5.751618
279.290619
3.250549
281.715393
9.910004
4.352447
9.378449
0.348968
261.024323
14.029144
270.964172
27.302552
3.649627
254.041382
3.897583
78.326386
0.051819
0.448455
202.309265
3.229798
281.744659
3.127747
281.855255
2.956909
130.496094
0.027801
0.321656
151.223571
2.744538
282.246246
3.520539
281.471801
3.633423
181.255371
0.042694
0.391999
99.682159
7.743134
1.025543
276.230957
10.306671
274.687378
3.075714
232.947418
0.025116
0.414642
48.527771
2.684296
282.318054
3.447235
281.564179
3.227936
281.764923
3.032226
0.135285
281.841949
9.142761
1.858368
274.009919
3.043823
281.93927
3.043457
50.388519
0.071381
0.349853
231.138916
3.522766
281.485383
9.984863
275.007232
2.922211
101.093903
0.023285
0.351928
180.62912
3.252564
281.731079
2.714996
282.302002
3.188049
151.477356
0.007538
0.398407
129.909485
3.094177
281.904694
3.269043
281.73111
3.285949
202.232575
0.027374
0.332581
79.131408
3.420685
281.567078
3.297302
281.718445
3.407257
253.631256
0.345489
27.606293
2.976593
282.034699
2.636902
282.386169
2.712006
282.254486
2.665283
19.30545
0.001648
0.362091
262.656372
2.896088
282.12738
2.725586
282.285492
2.703766
69.171662
0.032959
0.294128
212.780853
2.792298
282.208465
2.102356
282.896698
2.090363
117.554992
0.543579
164.808075
3.548462
6.236695
275.233093
2.049011
282.940491
2.115967
165.552093
0.526062
116.796967
2.201812
282.801606
2.035217
282.964416
2.072907
213.630981
0.525971
68.761139
2.128174
282.868835
2.088013
282.916198
2.080567
263.89624
0.350617
18.66275
2.077453

