2.589234
0.23529
0.001831
0.288178
0.049743
0.030243
0.684021
0.246002
0.007233
0.106079
0.57666
0.09845
0.000366
0.220948
3600.181235
3.002693
0.990076
0.001892
0.578063
0.180023
0.180206
0.649872
0.409881
0.068085
0.523102
1.408844
0.463958
0.000702
0.288361
3600.286355
2.622227
0.001953
0.339747
0.048553
0.029571
0.660152
0.279937
0.016662
0.090088
0.393707
0.272735
0.006165
0.240753
3601.41471
2.925991
0.00177
0.328245
0.040008
0.039978
0.659972
0.650054
0.006653
0.418945
0.754242
0.009095
0.000671
0.260345
3600.433674
3.004354
6.019981
0.211548
0.001923
0.321381
0.266906
0.019532
0.725769
0.284057
0.018524
0.098786
1.182831
0.244812
0.014282
0.210876
3600.392855
3.005865
0.957056
0.00177
0.578612
0.400024
0.019898
0.689788
0.470246
0.016754
0.662872
26.197815
0.376831
0.000671
10.001229
3590.619258
3.00681
1.290063
0.001861
0.578216
0.179962
0.179901
0.268128
0.451965
0.262207
0.200501
1.237304
0.225189
0.000367
0.374206
3599.74271
2.607493
0.001893
0.288233
0.039916
0.030334
0.601527
0.258209
0.016052
0.12033
0.404052
0.019592
0.032898
0.196839
3600.407577
3.00286
0.756404
0.004394
0.61563
0.180756
0.179046
0.648163
0.452239
0.014771
0.640442
1.344726
0.02768
0.002441
0.589569
3599.69444
3.879536
0.382904
0.008392
0.611724
0.200257
0.159576
0.628204
0.431824
0.012909
0.250519
1.01651
0.225158
0.021882
0.313049
3599.690394
2.70363
0.001892
0.288326
0.039825
0.029846
0.689937
0.230071
0.013061
0.082093
0.574828
0.00711
0.000672
0.232391
3600.07805
2.788721
0.004333
0.285641
0.039825
0.031646
0.646877
0.231628
0.0177
0.080719
0.581451
0.087585
0.000336
0.22174
3600.002168
3.004035
1.827019
0.001831
0.278015
0.050415
0.030853
0.509461
0.219513
5.165679
2.41626
0.54715
0.230804
0.013397
0.205872
3599.760379
3.003725
6.010005
10.986755
0.00177
1.162171
0.817688
8.327789
0.654663
0.445252
0.007812
0.256867
1.195434
0.209503
0.014588
0.472625
3600.175415
2.565597
0.001831
0.278071
0.040161
0.030212
0.622584
0.23712
0.016663
0.080535
0.352874
0.242005
0.024291
0.21344
3600.302819
2.578421
0.001739
0.288264
0.04013
0.049834
0.672542
0.237487
0.016662
0.101868
0.391326
0.026245
0.000671
0.233002
3600.405147
2.603593
0.00177
0.278438
0.040099
0.031036
0.726283
0.242401
0.018097
0.088104
0.38391
0.321319
0.015473
0.212829
3599.968335
2.740356
0.00177
0.268184
0.040497
0.029937
0.628048
0.221465
0.01651
0.076233
0.557341
0.213226
0.014832
0.261871
3599.927718
2.715391
0.001739
0.276943
0.050323
0.021057
0.701564
0.23709
0.119354
0.08725
0.65338
0.062866
0.00055
0.226745
3599.948368
0.758659
0.004362
1.974839
1.080009
1.559782
0.736634
1.262054
0.076843
0.994995
3.349366
0.021209
0.000641
0.698639
3599.381848
1.015065
0.014248
4.804507
1.559479
2.243011
0.76651
1.531586
0.177185
1.044403
3.200256
0.017945
0.000671
0.586273
3599.423552
2.603525
0.001801
0.287777
0.051788
0.02826
0.628964
0.241027
0.137787
0.088898
0.673705
0.032532
0.000641
0.23764
3600.066138
3.00494
6.017818
1.757233
0.00177
1.516815
0.659943
0.462494
0.68277
1.134307
0.21698
0.68451
1.858673
0.456299
0.001342
0.299805
3599.823772
2.737306
0.108641
1.131401
0.040222
0.029754
0.703002
0.677307
0.248413
0.129914
0.491455
0.018127
0.000641
0.611267
3599.399446
3.006381
0.504941
0.001801
0.578399
0.180023
0.17984
0.72702
0.552917
0.016815
0.665466
1.337891
0.290833
0.000549
0.408233
3600.252555
3.396924
0.236114
0.002075
0.338011
0.039948
0.040283
0.789397
0.250366
0.008759
0.124786
0.366364
0.21582
0.013855
0.230102
3568.203024
2.298841
0.009765
0.290923
0.009766
0.019623
0.613707
0.246216
0.036834
0.089295
0.384155
0.012207
0.012634
0.225037
3599.794403
2.784918
0.00177
0.338498
0.036469
0.03363
0.655424
0.284454
0.06131
0.08197
0.616638
0.018798
0.000641
0.582733
3600.570599
3.005667
5.655697
0.001801
0.577697
0.179535
0.179932
0.684479
0.415527
0.018738
0.208618
0.87265
0.02948
0.003388
0.002746
0.266449
0.077881
0.240448
0.00412
0.554382
0.189676
0.179956
0.019859
0.225343
0.434378
0.129844
0.781375
0.00058
0.000427
0.867645
0.001769
0.01385
0.464055

