2.810923
0.114807
0.017853
0.525695
0.06131
0.048859
0.016174
0.195099
0.424835
0.039917
0.020203
0.009979
0.26477
0.285248
0.050873
0.009064
0.023834
0.270904
0.288941
0.041077
0.006469
0.018891
48.707844
3840.638317
2.496347
0.002533
0.357539
0.083587
0.020019
0.056732
6.1E-05
0.222869
0.286558
0.029877
0.019897
0.019989
0.193237
0.277191
0.020325
0.000122
0.039947
0.303009
0.297241
3E-05
0.009308
0.010346
25.534334
3571.691327
0.703821
0.052655
2.170028
1.819026
2.054687
0.20755
0.269776
5.003326
3.008942
1.95343
0.0448
1.395904
1.180786
0.431549
0.029297
1.975098
2.198608
0.060517
0.74649
2.000855
1.714782
0.060456
0.217376
0.044465
0.057006
0.045288
0.002289
1.950898
0.720886
0.001892
0.006286
0.471863
0.284302
0.101166
0.416931
0.760834
0.779937
0.195984
0.126709
0.018311
0.003052
1.377624
1.316467
0.086487
1.075806
0.458496
0.194336
2.503937
1.48587
0.615509
1.184509
0.153992
0.206574
1.895446
1.3443
0.599395
1.958344
0.000122
35.391066
3514.902448
0.677258
0.002532
1.856112
0.927757
0.93698
0.637451
0.215332
1.527679
1.500733
0.580749
1.533417
0.082825
0.209625
5.004547
0.807648
2.200744
0.000306
0.000122
1.354309
0.119323
0.523407
3.012391
0.667694
0.056488
0.025818
0.21762
0.002289
3.054718
0.784088
0.682648
0.089478
1.327911
0.05954
0.228821
3.427276
1.361969
1.788178
2.096893
3.355072
3558.163438
0.653866
0.002502
0.91501
0.383891
0.719649
0.119993
0.413877
1.108426
0.078552
0.082855
0.198242
0.056488
0.126343
0.801483
0.235046
0.143525
0.115112
0.018463
0.194733
0.9505
0.678284
9.1E-05
0.040802
107.090947
3485.852159
0.591531
0.001861
0.841912
0.336525
0.342272
0.077391
0.214564
0.722618
0.102447
0.303771
0.035004
0.208984
0.692107
0.162842
0.03717
0.281921
9.2E-05
0.21344
0.703827
0.244445
0.059632
0.136169
193.584813
3401.491421
3.011293
0.469267
0.002411
0.534607
0.204711
0.299683
0.208496
1.127014
0.160126
0.323425
0.401032
0.167694
1.19104
0.716461
0.363678
0.860321
0.188751
1.467163
0.785065
0.778931
0.48056
174.868796
3412.874754
2.644096
0.118833
0.042206
0.3316
0.036225
0.049926
0.019684
0.221648
0.31909
0.029389
0.03009
0.021576
0.260314
0.308563
0.063629
0.038788
9.2E-05
0.228912
0.288086
0.064544
0.019409
25.149151
3570.150787
3.006675
0.025207
0.002472
0.458067
0.06427
0.040619
0.014832
0.197509
0.311767
0.050171
0.05011
0.029846
0.276184
5.010254
3.012238
1.99411
3.00589
2.066711
0.001617
2.438263
0.400299
0.019684
6.1E-05
0.001007
0.01883
3E-05
0.02002
0.783935
0.278015
0.001252
0.004089
0.216522
0.020111
0.039704
0.016479
0.000214
0.002319
0.597626
0.17984
0.080017
0.22406
0.28656
0.552704
0.177032
0.079621
0.203827
0.016418
10.361817
2299.657227
3.005827
1.463227
0.006622
1.572357
0.522217
0.525024
0.674927
0.140473
0.050659
1.269409
0.289825
0.151581
0.119019
0.45755
0.040893
0.212128
1.605774
0.264221
0.122833
0.240937
0.015045
0.023743
0.177276
1.496857
0.08725
0.516723
0.090882
4.05722
243.288905
0.530359
1002.487548
3.007095
0.510038
0.158325
0.002381
0.56903
0.031707
0.049256
0.016113
0.210327
0.239288
0.010407
0.020355
3.1E-05
0.279937
0.209564
0.010254
0.009827
0.01004
0.290833
0.289093
0.01004
0.01004
0.009705
24.301714
2733.808035
837.894709
1.802213
0.064816
1.147592
0.131591
6.1E-05
0.019714
0.150115
0.209808
0.020019
0.02002
0.020233
0.329925
0.200225
0.020203
3.1E-05
0.009338
0.262665
0.202941
0.004669
0.000153
0.009644
0.013244
25.627009
3571.561047
1.75803
0.040524
1.259428
6.1E-05
0.119994
6.1E-05
0.263976
0.20172
0.029694
0.019958
0.009949
0.178588
0.201538
0.009918
0.010223
0.010071
3.1E-05
0.2677
0.203369
0.018951
0.009766
148.537849
3447.800104
1.787363
0.002044
1.131435
0.080321
0.050018
0.055633
0.212004
0.212219
0.020294
6.1E-05
0.019653
0.158996
0.211151
0.010406
0.009583
0.030304
0.187133
0.212585
0.010132
0.019928
3.1E-05
27.096482
3569.513029
2.525844
0.002319
0.247921
0.080291
0.04599
0.032806
0.201933
0.215087
0.02005
0.021301
0.018738
0.216186
0.20404
0.020538
0.000153
0.019043
0.164459
0.20581
0.019775
0.019806
26.27384
3570.439068
1.751788
0.002289
1.184051
0.091278
0.049041
0.016357
0.187133
0.212646
0.030273
0.009644
0.019988
0.249328
0.201019
0.010315
0.009888
0.019867
0.216705
0.203216
0.011078
6.1E-05
0.03891
9.2E-05
27.146272
3569.345838
1.742673
0.001282
1.238
0.066528
0.049987
0.023682
0.193236
0.202636
0.010284
0.019897
3.1E-05
0.15686
0.207183
0.008575
0.000123
0.007141
0.206237
0.205383
9.2E-05
0.008361
0.009949
27.18867
3569.506111
2.516198
0.066832
0.393062
0.070709
0.0437
9.2E-05
0.379942
0.216094
0.019745
0.010162
0.019867
0.175415
0.215484
0.00943
0.000122
0.010254
0.253692
0.216187
0.009857
9.1E-05
0.009552
0.000122
25.512929
3572.105725
1.705926
0.08981
1.167582
0.081329
0.018952
0.050079
0.24301
0.206726
0.020019
0.00998
0.030243
0.193298
0.208556
0.022767
0.006774
0.034119
0.207672
0.206695
0.020112
0.033691
0.006622
105.676713
3491.853578
1.664406
0.002075
3.240972
0.097809
0.046051
0.01712
0.206024
0.232666
0.030365
0.043854
0.30072
2.423798
0.099823
0.009216
0.060639
0.229156
0.250488
0.019867
0.019837
0.020111
236.709677
3355.944418
1.740445
0.006408
1.126769
0.080474
0.064422
0.015168
0.199461
0.220672
0.030334
0.019775
0.009858
0.252501
0.218658
0.009156
0.009643
0.010162
0.198944
0.220978
0.010132
0.01004
27.003893
3570.465422
2.54162
0.002258
0.487757
0.051025
0.046631
0.008575
0.181487
0.268554
0.030822
0.029541
0.009735
0.36261
2.16165
0.017945
0.007904
0.010193
0.181457
0.588593
0.019928
0.010009
23.263652
3571.884033
2.503357
0.004211
0.43603
0.049866
0.049956
0.020081
0.289397
0.250426
0.020233
0.009918
0.019684
0.269867
0.285216
0.015686
0.011322
0.021912
0.205841
0.280487
0.020355
0.020142
9.1E-05
25.526692
3570.560434
2.667705
0.003296
0.458735
0.048248
0.049927
0.019683
0.187347
0.253631
0.019409
0.009826
3.1E-05
0.178375
0.291778
0.020294
9.1E-05
0.029694
0.244751
0.244751
0.010437
0.01007
0.009919
25.562331
3571.66323
2.607792
0.120787
0.569056
0.080047
0.039978
0.029999
0.221221
0.258636
0.020935
9.1E-05
0.029694
0.223175
0.326598
0.020172
0.000214
0.009369
0.261627
0.622375
0.019989
0.01236
0.003662
25.593633
3571.193117
1.799882
0.319632
0.05432
1.736773
0.07605
0.050079
0.016357
0.191712
0.368194
0.02005
0.01062
0.029358
0.235443
0.22461
0.009979
0.010101
0.009888
9.1E-05
0.321656
0.328552
0.009735
0.013794
0.011871
24.417584
3570.86948
2.468985
0.060485
0.344144
0.035462
0.05017
0.029755
0.229338
0.271026
0.019715
0.010376
0.009887
0.228851
0.240936
0.019928
0.01001
0.009979
0.29956
0.450806
0.019928
0.009918
0.009796
206.891711

