3.019257
14400.41046
2.87967
14400.49017
2.732483
14400.40772
2.659607
14400.3949
2.710175
14260.55789
8.818939
131.018219
14403.03485
3.183197
14400.42239
2.66687
14400.43359
2.859344
14400.45038
2.673706
14400.41611
2.72171
14400.40836
2.630615
438.890869
13961.51877
2.659821
14400.57059
2.570923
14400.51141
2.660065
14400.38043
2.776245
14400.35001
10.286347
14400.53705
0.098328
1015.707153
2.602844
13382.08838
8.069397
14400.43066
2.671936
14400.40833
2.819549
14400.41156
2.569214
14400.4595
2.599671
14400.4924
5.237488
0.623535
1589.133606
1.210205
12810.54276
2.636719
14400.41336
2.599732
14400.34021
2.609802
14400.33041
2.539642
14400.57501
2.67688
14400.52838
2.587098
2171.01358
2.608826

