21.639893
16.664367
2.737793
23.877839
31.058776
0.010804
0.290222
0.580108
0.178833
0.487885
0.189392
0.005402
0.264251
0.009827
0.050049
0.040191
0.066224
0.193817
0.035949
0.414368
0.067017
0.000396
0.182679
0.000122
0.000122
65.658478
0.002044
2.364228
0.019744
0.038941
0.221222
0.000763
2.412994
0.236115
0.27893
1.501831
0.158997
19.945343
0.002716
0.000519
0.003143
2.004852
0.000397
0.000336
0.325714
0.012451
0.108612
0.000916
0.108276
0.021881
0.0513
0.166718
0.267822
0.000519
0.000763
0.172821
16.259949
0.001281
0.032776
0.061554
0.005585
0.133545
0.080383
4.78891
10.220154
20.439972
40.879883
0.257263
1.153228
5.737641
62.655701
0.480011
0.000671
0.529327
0.486237
1.034759
42.108551
0.018036
48.879425
0.009369
0.211182
0.000549
63.562165
0.003295
0.022614
0.350861
0.005065
0.932068
0.070252
58.126404
2.398803
1.974182
0.075776
0.009796
56.306854
1.149994
0.258667
128.083771
0.002502
2.700592
0.044495
1.055664
0.069641
0.21991
0.000335
1.008332
0.721313
0.274841
64.362061
0.009582
0.006134
0.003907
216.527221
0.009858
0.230194
0.000549
0.71756
0.042755
0.198791
0.007996
0.000824
0.331665
6.1E-05
0.019775
0.005646
139.746552
2.005798
40.954437
1.857392
30.943481
2.281555
0.33371
0.014557
0.515106
0.050324
0.029907
0.269928
0.395691
0.624176
0.204681
0.735596
0.352447
2.180176
0.27713
0.275238
0.017456
0.22757
0.007049
0.272797
0.021027
0.019195
0.269776
0.096405
0.653503
0.062592
1.278381
0.161774
0.607513
0.106415
0.001251
0.291779
0.038604
31.087403
2.698608
49.731781
0.002045
2.297943
0.04657
0.01355
0.219848
0.000611
2.513427
0.226166
0.596436
3.937225
5.001343
2.553344
0.189942
0.002258
0.057495
0.161133
0.048798
0.05014
0.02356
0.016479
0.149567
0.009125
0.100372
0.190857
0.029877
0.009857
0.01123
0.000122
0.008759
0.260193
0.200012
0.009827
0.01065
3.1E-05
3E-05
0.00943
0.149201
0.200897
3E-05
0.009888
0.009918
3.1E-05
6.1E-05
0.24823
2.930084
3.716309
2.13388
11.71991
23.399933
46.800079
176.105103
0.218414
0.000305
15.07898
2.172729
0.138947
0.000885
0.310302
0.013214
0.006867
0.028992
0.021026
0.018616
0.020172
0.009888
0.010071
3E-05
46.014496
1.831634
247.944703
0.001953
2.678222
0.03006
0.034302
0.225586
0.000793
2.114502
0.234497
0.284851
64.616425
0.010345
0.005768
0.003907
215.589386
0.228881
0.00058
7.683594
1.703003
178.247528
2.607117
8.843261
2.402405
111.688294
0.002014
2.717621
0.049621
0.310578
0.029632
0.210297
0.000732
1.762421
0.236969
0.269379
284.373901
0.230255
0.00061
1.891907
0.137634
308.061371
0.002014
2.693451
0.01944
0.039398
0.220703
0.000641
2.113495
0.215241
0.249908
62.717651
0.01529
0.014709
0.129822
215.456634
0.440339
0.00061
17.699127
2.207642
0.919281
0.002411
0.197387
0.003693
0.046326
0.049835
3E-05
0.02005
0.020295
0.029663
0.019989
0.009887
3.1E-05
119.231537
2.069702
107.183563
0.000977
2.208099
0.059479
0.127533
0.005279
0.144867
0.00586
0.164001
0.030029
0.020325
0.000153
0.049408
0.009979
0.01004
3.1E-05
0.167145
0.023132
0.210693
0.033905
0.02533
0.071899
0.267822
0.028809
0.021668
0.000946
0.008026
0.000702
0.300232
0.000152
0.000153
0.029358
0.000152
0.019532
0.610412
1.240173
60.277375
0.002197
2.261658
0.009704
0.037262
0.212708
0.000732
2.562409
0.216583
0.257507
21.200012
0.000153
0.000122
2.002716
0.000214
9.1E-05
1.974884
1.64798
0.001282
143.356506
2.539795
15.452515
0.460113
0.00055
0.549316
0.493805
0.997558
33.346467
1.812011
52.618714
0.440338
0.00058
315.759185
0.002015
2.453186
0.448394
0.009919
0.041565
0.247894
0.21048
0.000701
1.660615
0.259033
0.251373
26.386322
1.803192
34.479889
0.017395
0.012207
0.079987
217.620727
0.009705
0.22998
0.000641
1.263886
0.08908
0.206757
0.007355
0.000824
0.461853
0.000122
0.051544
0.015747
80.677307
1.780457
137.4664
91.020203
0.001861
2.442993
0.00943
0.034119
0.316101
0.25003
0.000672
2.012909
0.236328
0.253998
4.886932
2.090973
0.168427
0.002288
0.067719
0.119903
0.059906
0.0542
0.026062
0.019867
0.089813
0.054565
0.080719
0.1857
0.009186
0.01004
0.010162
6.1E-05
3.1E-05
0.18341
0.131073
0.175141
0.010101
0.009918
0.010346
9.1E-05
3.1E-05
0.296539
0.18338
9.2E-05
0.011352
0.008057
0.01059
6.1E-05
0.123138
1.910126
3.849975
1.630585
0.450378
5.629212
15.399841
30.840058
101.61145
3.07904
105.4263
0.148407
0.301453
0.149902
0.469818
0.510254
0.020356
0.000793
16.286713
2.138427
0.048462
0.001465
0.248627
0.011474
0.028168
0.009796
0.03003
0.020111
0.019928
0.01004
0.020111
236.170807
2.731842
1.830139
0.239624
14.867951
18.620514
2.635101
18.771789
0.002961
2.616485
0.029785
0.01001
0.220215
0.000732
2.211518
0.24765
0.2518
20.797394
1.883911
0.4599
1.158997
28.13388
1.676728
7.940765
0.016846
0.011993
0.918701
172.406464
0.000488
2.006348
0.00116
0.589691
0.000213
0.000153
0.000214
0.138702
0.000244
0.219757
0.039887
0.324035
0.046082
0.310638
0.099671
0.280243
0.109649
40.747345
0.009949
1.600159
0.00058
19.915527
3.65686
288.807038
0.003112
2.867524
0.049041
0.250672
0.039764
0.210114
0.000641
1.656829
0.212281
0.679687
107.967957
6.262085
1.010742
0.005798
1.510895
0.009827
0.159942
9.2E-05
0.001159
0.008637
0.119995
0.058868
0.125245
163.048797
0.839813
0.00058
241.025391
0.354217
0.71988
1.440094
0.165588
68.441315
0.001983
2.237885
0.029785
0.043335
0.28656
0.239807
0.000641
2.260498
0.209167
0.243439
241.409088
1.810456
0.360168
34.989685
0.440003
0.000366
17.719116
2.209991
3.001526
5.991639
0.001617
0.018402
9.2E-05
0.009643
0.019806
0.160553
0.010101
0.039643
0.049835
0.019897
0.019837
0.019958
0.030213
0.009948
0.000153
224.322723
2.367859
0.209748
0.006652
0.180726
0.005737
0.2341
0.000153
0.054535
0.015289
0.082245
0.278473
0.051086
0.417908
0.053131
0.000519
0.267242
9.2E-05
9.1E-05
0.688996
57.127136
0.002014
2.309662
0.029755
0.042358
0.217773
0.000672
2.459625
0.209625
0.25235
21.494354
0.005738
0.000152
2.003723
0.000245
0.000122
0.7901
0.000915
0.150757
0.050781
0.054993
0.24115
0.000732
0.105286
0.278961
12.614807
2.005829
5.467896
1.777252
0.770172
50.408966
0.449738
0.000396
0.529724
0.497254
0.987945
19.314545
0.014984
0.014801
158.027832
0.439881
0.000366
245.840149
2.767578
67.580017
0.002106
2.282043
0.029755
0.047943
0.212036
0.000641
2.510681
0.199249
0.247345
180.413269
4.966797
1.011109
94.943237
0.219604
0.00055
0.732178
0.058013
0.189789
0.007813
0.001282
0.390594
0.000122
0.050079
0.018769
308.315796
2.752319
0.675049
0.002319
0.172821
0.040009
0.038482
0.231018
0.000672
4.61087
0.218537
0.829071
3.621246
0.119965
0.179657
0.001007
0.048523
0.489471
0.491425
0.079376
0.050293
0.040191
0.019806
0.079743
0.069488
0.070465
0.180237
0.01004
0.00998
3E-05
0.010315
3.1E-05
0.158722
0.051269
0.18042
3.1E-05
0.009216
0.01062
6.1E-05
3.1E-05
0.189239
0.180176
6.1E-05
0.010101
3.1E-05
0.009735
6.1E-05
0.238861
1.759949
3.530029
1.149872
0.196167
5.71402
14.099975
28.199982
58.569641
0.009857
0.005402
0.00473
0.019653
159.498413
0.009583
0.211182
0.000274
15.797272
2.285797
0.049011
0.001221
0.238647
3.1E-05
0.003845
0.046326
0.029785
0.009766
0.020141
0.020142
0.029877
115.803466
2.640625
1.028351
102.352478
2.629059
70.543579
0.002289
1.889496
0.530273
0.019806
0.029907
0.220673
0.000671
2.409516
0.239135
2.779999
117.939606
3.761505
156.734833
0.229767
0.00058
245.392303
1.810761
66.228637
0.002808
2.300842
0.029816
0.038482
0.211731
0.000702
2.511566
0.217835
0.26828
120.409515
0.010132
0.005432
0.004303
157.585053
0.43985
0.00061
243.933868
3.298767
68.997101
0.002045
2.231812
0.030151
0.041229
0.218567
0.000549
2.558808
0.200958
0.231232
61.008575
1.820068
217.708039
0.079895
0.330139
0.00061
15.318024
1.207092
0.988831
0.008819
0.049866
0.000946
0.199341
0.007538
0.042328
0.059814
0.019928
0.010407
0.04071
0.013641
0.015412
9.1E-05
166.196412
2.570922
68.517609
2.513947
0.227722
0.005768
0.324035
0.05011
0.039673
0.010315
0.084259
0.23526
0.030853
0.323303
0.044159
0.000763
0.221772
0.000122
0.009368
0.760254
53.63089
0.002014
2.342804
0.047516
0.272339
0.034699
0.235138
0.001831
2.167816
0.210083
2.20813
18.99234
0.000671
0.000672
0.000457
2.006653
0.000519
0.000397
0.580871
0.069397
0.007019
0.183747
0.026489
0.239868
3.383301
0.236786
0.220153
92.046692
0.009919
0.006012
0.003906
69.65802
0.249878
0.000305
0.249756
0.236175
0.214112
89.245727
0.430206
0.00058
65.384247
0.003449
1.21167
0.790985
0.182281
0.117249
0.002594
1.346924
4.890075
9.779968
19.559998
39.120026
37.263855
0.011444
0.294525
0.600128
60.38443
1.818146
49.56369
0.002808
0.020843
0.312286
0.005524
1.045258
0.090027
1.256896
5.470124
10.939972
1.970031
0.001954
0.399627
0.05835
0.011627
0.839172
0.419892
0.360016
0.220031
0.000702
2.761933
0.20755
0.249084
1.70932
0.121643
12.548981
12.507477
2.87265
0.230041
28.149994
35.489869
1.230011
0.269989
183.407318
0.439697
0.000275
3.778076
5.002624
1.680115
0.439117
0.007905
0.000823
1.170472
9.1E-05
0.049835
0.036316
111.718781
1.853912
190.016663
0.001983
2.673706
0.039795
0.032441
0.223175
0.000702
2.109527
0.214142
0.242523
4.833069
0.094849
0.189789
0.003295
0.07663
0.16983
0.050019
0.060028
0.019897
0.000122
0.01062
0.149048
0.043213
0.071167
0.235809
0.00998
0.010009
0.009797
0.010406
0.000153
0.273498
0.196106
0.010193
3.1E-05
0.010772
6.1E-05
0.009095
0.302459
0.224091
0.183624
0.010193
6.1E-05
0.009399
6.1E-05
0.009919
1.862732
4.609863
0.030029
9.200134
18.439972
36.920044
41.521119
0.00595
0.023072
0.220154
58.58377
1.655426
97.5896
0.438782
0.000518
0.559601
0.501892
0.458039
0.019836
2.001831
14.543122
2.287139
0.489106
0.0018
0.207916
0.060273
0.013061
0.026703
0.030335
0.019409
0.03009
0.019836
0.010682
0.009735
3E-05
224.876679
2.605224
8.170807
1.892456
1.090241
0.439728
1.507751
0.372314
14.738678
39.011048
0.002014
2.284363
0.029846
0.000152
0.230225
0.000671
2.509736
0.22937
0.279785
235.439667
0.000671
1.821655
0.000611
0.000152
0.000153
0.177673
0.000153
0.300445
0.570587
0.286103
0.140045
0.123108
0.265961
0.110931
0.283752
40.355042
0.009949
0.210266
0.000549
63.363434
2.662933
248.954254
0.002839
2.682769
0.030121
0.036224
0.218567
0.000763
2.110291
0.214325
0.246002
119.392456
0.014465
0.015595
0.039673
160.393371
0.210022
0.009644
0.000397
199.320892
2.617401
102.745422
2.593201
6.350403
0.001282
0.731445
0.054321
0.035492
0.87677
0.230011
0.000672
3.159942
0.219269
0.267914
60.538421
2.492981
217.127655
0.200013
0.000518
7.213929
1.73764
7.366455
2.435791
0.069092
0.000702
0.350738
0.012391
0.016632
0.000122
0.019531
0.029999
0.010009
0.010499
0.009094
240.865143
1.71228
0.417663
0.005219
1.065582
0.050354
0.04065
0.008941
0.083802
0.188171
0.190582
0.357971
0.054474
0.000855
0.184967
0.000122
0.000122
49.832001
0.002014
2.266327
0.029968
0.040558
0.219574
0.000793
2.511444
0.207703
0.240417
21.398163
0.000702
0.000336
2.006378
0.000397
0.000458
4.006561
0.001312
0.000427
2.204621
0.086822
0.000824
0.081055
0.188995
0.16095
0.000702
0.051544
0.278076
62.139191
1.787689
25.449524
0.015411
0.014405
0.270263
37.489167
0.480011
0.000641
0.529357
0.516022
0.9888
117.803345
0.440063
0.00058
142.502106
1.845032
171.948944
0.002167
2.219055
0.200988
0.029572
0.039368
0.22055
0.000611
2.356018
0.233368
0.24945
224.668976
1.845337
50.83963
0.459534
0.000274
4.375794
1.736023
0.418152
0.006714
0.000793
1.185974
0.050995
0.013947
256.996887
1.790924
50.303955
0.002014
2.358704
0.019867
0.035461
0.214539
0.000641
2.459442
0.209869
0.275543
4.24524
2.250701
0.208741
0.002441
0.097321
0.159942
0.050568
0.049713
0.019714
9.2E-05
0.02008
0.156037
0.080292
0.183685
0.009918
0.020477
9.2E-05
0.009247
0.009979
0.175659
0.081269
0.275177
9.1E-05
9.2E-05
6.1E-05
9.1E-05
6.1E-05
0.467224
0.155945
0.064667
9.2E-05
0.009918
0.010986
0.008972
0.000122
1.865326
3.929993
1.520019
0.209015
6.141022
5.886475
1.882415
7.951172
31.399781
49.628479
0.015869
0.012939
0.807038
157.29071
0.450043
0.000549
18.078003
2.24057
0.047729
0.002594
0.237366
0.039856
0.001679
0.008422
0.029786
0.019928
0.029937
0.02005
0.009766
62.114777
1.827575
231.120301
0.000976
2.314728
0.019562
0.030853
0.219238
0.000763
2.508057
0.211365
0.680572
21.243073
1.916839
0.46991
1.093262
142.419159
2.419006
107.834991
0.460114
0.00061
291.96637
1.899048
22.570221
0.001983
2.278382
0.009674
0.037353
0.222748
0.000671
2.510132
0.20932
0.667176
120.936859
0.01004
0.005463
0.004638
155.910706
0.460022
0.000519
22.42633
1.852875
122.704987
1.743347
168.309112
0.001984
2.2836
6.1E-05
0.04953
0.220245
0.000366
2.50879
0.211059
0.669434
102.559295
1.982636
173.937439
0.019714
0.490143
0.000763
16.744263
2.218933
0.066833
0.002136
0.407959
0.006196
0.043884
9.1E-05
0.039856
0.019715
0.029937
0.020356
0.009826
207.488831
1.847168
35.916199
2.489959
0.2482
0.004974
0.284699
0.050354
0.02948
0.000183
0.088806
0.251312
0.036285
0.373902
0.063782
0.001068
0.235382
6.1E-05
3E-05
46.306702
0.001984
2.970642
0.310058
0.021637
0.04831
0.332031
1.039917
0.309601
0.056732
0.813537
0.369904
0.23999
19.92569
0.000275
0.000152
2.005188
0.000885
0.000397
0.380127
0.120453
0.079651
43.268982
0.490051
0.005676
0.994324
0.496399
0.996521
51.021393
0.009918
0.005493
0.004669
118.941651
2.53601
34.464936
0.439849
0.00055
25.168701
2.007355
0.06958
289.329803
0.001526
2.401581
0.019684
0.030884
0.218994
0.000702
2.408294
0.230866
0.271087
46.979676
1.826324
231.006653
0.009674
0.210083
0.00061
2.530579
0.069733
0.209259
0.003875
0.000367
0.345794
0.000122
0.039948
0.016022
23.349945
2.478302
143.952057
2.603454
139.031433
0.002014
2.286438
0.019867
0.037812
0.222198
0.000336
2.504516
0.215027
0.667908
4.377655
2.136261
0.178162
0.002288
0.077851
0.130859
0.089081
0.050171
0.039978
0.020203
9.1E-05
0.0495
0.098388
0.041901
6.1E-05
0.038696
0.190979
0.009918
0.010254
0.010132
6.1E-05
3.1E-05
0.257385
0.001099
0.191406
3E-05
0.013215
0.007324
6.1E-05
3E-05
0.237915
0.202484
6.1E-05
3.1E-05
3.1E-05
6.1E-05
3E-05
0.466278
2.240051
4.489991
5.557678
3E-05
0.009949
0.009827
3.402557
17.960053
35.919799
40.715394
0.017761
0.012207
0.039886
62.176911
1.792083
93.448944
0.459809
0.000549
18.74408
2.33316
0.456909
0.001709
0.278809
0.011322
0.009491
0.01886
0.029876
0.019745
0.010071
0.010071
0.009827
0.000122
236.056366
2.76007
0.35608
0.203796
16.315521
33.085785
2.580841
3.372833
0.001984
0.335175
0.009613
0.009857
0.36029
0.24997
0.000702
4.115539
0.203736
0.264343
235.448242
0.000671
2.004761
0.000183
0.690552
0.000549
0.000458
0.000366
0.10904
0.000366
0.30188
0.056793
0.369171
0.080353
0.320434
0.141175
0.282104
0.186951
39.980835
0.010254
0.229706
0.000518
113.567505
3.212525
197.651916
0.001984
2.618103
0.01944
0.033081
0.232452
0.00061
2.159363
0.23468
0.263001
120.122223
0.010132
0.006286
0.003632
68.729797
2.57486
87.785888
0.240113
0.00058
243.966491
1.902375
69.315246
0.002014
2.217774
0.029754
0.032746
0.21759
0.000488
2.558991
0.270996
0.252014
279.540161
0.290009
0.000549
16.241333
2.203461
0.047882
0.001892
0.237946
0.003326
0.036468
0.00998
0.030121
0.019866
0.030274
0.020569
0.013672
27.173889
1.854431
220.410797
1.786591
0.469391
0.005554
1.401886
0.1716
0.070038
0.039764
0.010315
0.086396
0.233734
0.040374
0.299256
0.076782
0.001068
0.232697
0.000122
9.1E-05
41.56897
0.001984
2.561462
0.020111
0.035065
0.216644
0.000794
2.26242
0.205567
0.244659
20.844208
0.002502
0.000427
0.000336
2.002899
0.000122
6.1E-05
0.365784
0.025055
0.128601
0.000427
0.05658
0.020996
0.120483
0.099488
0.122619
0.00055
0.000793
0.151978
13.247345
2.005798
19.414825
1.779023
58.809112
0.015351
0.014618
0.100097
11.209717
0.480102
0.000672
0.559448
0.48999
0.94693
71.482544
2.309967
0.259003
0.115082
0.28421
0.400269
0.009735
0.000122
0.015075
0.294892
0.373749
68.005889
0.460083
0.00055
243.411682
2.357422
51.197662
0.003815
1.191253
0.811646
2.000549
0.497559
0.014984
0.00528
0.130493
0.004272
15.013703
0.00122
2.296387
0.03067
0.043335
0.216126
0.000579
2.507782
0.211609
0.263916
71.79068
1.721192
20.100097
0.010346
0.009552
114.745941
0.051025
0.005005
0.083618
0.002015
0.088775
0.079468
0.076782
0.283417
0.254181
0.295715
1.952149
6.25003
12.500092
25
21.768341
0.439972
0.000579
5.129609
1.763153
0.426483
0.002899
0.000336
1.512146
0.000122
0.050293
0.015045
18.971039
19.888061
2.161835
1.309906
0.24762
0.132354
0.417878
265.161529
0.002167
2.629028
0.030182
0.039215
0.22583
0.000672
2.156646
0.20752
0.259399
0.18335
0.147278
4.445434
0.095154
0.189423
0.002289
0.047485
0.310058
0.070343
0.049958
0.029754
0.019959
0.000122
0.180115
0.070221
0.179901
0.019958
0.011109
0.009063
0.010102
0.000122
0.159118
0.103455
0.197174
0.009857
0.019806
0.009796
0.010193
0.000122
0.160401
0.199371
0.011169
9.2E-05
0.009491
0.009033
0.000122
0.179627
1.839966
3.690032
1.080048
6.290009
14.76007
29.519928
55.371796
0.023499
0.006286
0.029999
157.397675
0.730163
0.000305
18.485993
2.302734
0.04776
0.001892
0.207642
0.003784
0.046509
0.05014
0.019653
0.020356
0.029602
0.020172
0.009857
6.1E-05
224.566223
3.178162
67.786316
0.002014
3.271423
0.265839
0.029693
0.044404
0.215881
0.000641
1.267212
0.232696
0.243653
278.943451
0.019958
0.180267
0.00055
4.385803
48.128754
2.57019
205.441956
2.668121
10.714294
1.812714
39.809845
0.000824
2.408234
0.044952
0.085205
0.229645
0.23999
0.000641
2.059051
0.21045
0.245056
121.469208
0.010284
0.005615
0.003998
0.009949
157.561554
0.899963
0.00058
246.037689
5.00119
0.272888
62.42978
0.002075
2.486328
0.009949
0.038879
0.231079
0.419495
0.000274
1.907532
0.222412
0.289276
279.380921
8.511688
0.000549
8.749756
2.323029
0.187591
0.022278
0.278229
0.010712
0.01892
0.000122
0.020081
0.029755
0.010376
0.010955
0.008759
33.352112
9.067932
0.005981
0.950287
1.324799
0.010467
3.1E-05
0.009796
0.119904
0.078308
0.111541
138.038666
0.326752
0.659729
1.319946
2.649964
1.541778
0.002808
3.00534
0.740204
2.109497
0.019867
0.320069
2.830535
0.319397
0.00412
0.5159
0.061554
1.409027
0.00824
52.969208
1.753387
0.427704
0.005371
1.256042
0.383912
0.051025
0.018951
6.1E-05
0.151093
0.198791
0.01941
0.417022
0.025818
0.000336
0.187591
9.2E-05
9.2E-05
36.277038
0.002014
2.458618
0.019989
0.038086
0.231476
0.000611
2.309906
0.219787
0.448151
21.306946
0.000183
0.000122
2.005798
0.000519
0.00058
0.422882
0.000336
0.179657
45.553649
1.760529
0.000671
0.588959
0.249664
0.220246
207.139831
0.789978
0.000611
21.579834
2.082031
131.15274
1.825653
157.713257
0.001984
2.71344
0.046142
0.030152
0.043671
0.215881
0.000702
2.009857
0.209534
0.24411
108.850891
1.826507
165.927277
0.450165
0.000549
5.150177
1.723175
0.435974
0.007019
0.000794
1.317505
0.432373
9.1E-05
0.049317
0.014496
137.201721
1.764557
79.433197
0.009796
0.007385
0.002747
90.131652
0.002015
2.593536
0.018982
0.038086
0.221954
0.000702
2.209656
0.209534
0.268158
4.314361
0.16803
0.1893
0.002442
0.047516
0.330414
0.079803
0.049896
0.050049
0.020264
9.1E-05
0.199433
0.129059
0.100799
0.200745
0.009857
0.010101
0.01117
0.008667
0.000122
0.167877
0.16336
0.209565
0.009857
0.009369
9.1E-05
0.009766
0.000122
0.159637
0.370667
0.009827
0.009948
0.009552
0.000153
0.058075
0.251648
0.179993
0.180023
3E-05
1.428314
4.089905
1.629791
6.550385
16.340027
32.719971
206.035949
0.439759
0.000305
1.406341
0.423401
0.51416
0.495667
0.021301
0.00058
2.004455
0.000977
14.072235
2.159577
0.049804
0.026886
0.248566
0.184845
0.289734
0.005371
0.045837
0.048889
0.019562
0.020355
0.029999
0.019806
0.009979
6.1E-05
8.158814
1.831787
226.526062
1.950775
3.129944
0.439941
13.867096
39.013153
0.002015
2.26361
0.029786
0.009979
0.260284
0.000489
2.510192
0.229462
0.282166
21.296081
1.954224
1.480072
1.129303
86.635284
3.928498
118.989563
0.000701
2.007447
0.000427
0.679352
0.000519
0.000427
0.000274
0.759095
0.000427
4.264282
0.000427
5.007325
0.001068
5.006164
0.000489
5.007049
0.000641
21.041595
0.009461
11.101685
0.00061
26.640533
2.575531
39.615418
3.259552
140.707336
0.01001
0.006897
0.002899
91.196961
0.002014
2.857513
0.019776
0.03302
0.307251
0.289947
0.000763
1.558807
0.24057
0.282685
278.655945
0.229461
0.00058
26.547302
1.903473
11.241028
0.039612
0.039795
270.237793
2.461456
3.296967
0.001861
0.179566
0.029846
0.045288
0.214966
0.219726
0.000733
4.412536
0.217194
0.264893
108.487823
6.842163
0.064819
161.123261
0.430084
0.00058
19.372101
2.417969
0.054687
0.001221
0.255279
0.519959
0.453918
0.01062
0.038849
0.049896
0.020142
0.019775
0.031128
0.019043
0.009766
3.1E-05
6.1E-05
0.987823
1.072113
0.055847
0.536408
0.038116
0.240204
0.005096
0.834839
0.049622
0.029999
0.000152
0.157471
1.269012
0.063355
0.020752
0.636017
0.015594
0.000397
1.35791
0.000122
9.2E-05
1.989044
193.280975
0.000122
0.009003
0.009094
1.381104
90.421814
0.002014
2.532623
1.010101
3.868439
0.039765
0.031738
0.408356
0.250183
0.000702
18.387939
0.000183
0.000183
2.005463
0.001129
0.000305
0.738373
0.232727
0.00116
0.219177
0.106842
0.172699
0.000488
0.000763
0.245178
164.078095
1.311279
1.91977
0.00064
7.150361
1.288055
1.782349
0.160247
0.277283
0.232208
75.625214
16.984467
0.239929
0.000549
11.865601
3.304626
282.816559
0.000824
2.702423
0.03006
0.037567
0.217346
0.000702
2.107971
0.226227
0.267822
114.367585
2.438201
123.003693
3.220306
0.799988
1.619873
3.249848
30.368164
0.239776
0.00055
3.334198
0.086059
3.00177
2.454804
0.007446
0.000824
0.001495
0.130005
0.250092
0.050323
0.017792
214.692352
0.005829
91.291474
0.000763
5.286834
0.278961
0.009919
0.031006
0.239044
0.000732
4.578095
0.803222
0.217804
0.00235
0.080353
0.247467
0.079803
0.050293
0.029785
9.2E-05
0.030182
0.119629
0.061645
0.072144
0.186371
0.031219
0.009735
6.1E-05
0.000122
0.009095
0.252777
0.048034
0.149384
0.009888
0.009887
0.011292
0.000122
0.008392
0.284302
0.576782
0.169983
0.308777
0.020172
0.010254
0.009735
9.2E-05
0.010071
2.080871
4.490021
0.364258
0.035736
9.78009
19.559906
39.119904
194.400024
0.234833
0.00058
17.571594
2.59494
1.546997
0.001831
0.328308
0.600403
1.199585
0.349884
0.010071
0.030273
0.059815
0.019379
0.020141
0.030029
0.019928
0.010102
3E-05
2.582184
2.079163
286.793609
0.001984
5.343353
0.019776
0.031219
0.219727
0.229248
0.000824
82.206665
2.4328
25.908722
1.775787
69.365204
3.298828
93.302216
0.224548
0.00058
221.652954
0.013764
94.222076
0.002472
2.39566
0.020294
0.037598
0.292236
0.000489
2.309875
0.219757
0.767731
277.816101
0.21994
0.00055
25.344696
1.898712
287.941894
0.000733
6.057403
3.207703
0.052246
0.017639
0.908783
0.000397
105.209778
2.565674
7.787292
2.436676
156.683655
10.570343
0.009949
0.000488
6.693664
2.398194
0.097534
0.003754
0.355835
0.003723
0.076355
0.050201
0.039887
0.030151
0.019745
0.030395
9.2E-05
9.1E-05
7.006958
2.420868
0.267395
0.002869
0.356995
0.050232
0.030548
0.009308
0.084899
0.29538
0.036499
0.363159
0.062958
0.000305
0.27713
6.1E-05
0.009247
0.820862
1.619507
11.160522
0.009949
15.843109
25.814728
138.793976
0.014252
60.343109
1.703796
27.52594
0.002014
3.891266
0.018982
0.032837
0.207275
0.350098
0.000641
0.559082
1.840393
1.012451
19.053711
0.000763
0.000488
0.000366
2.006073
0.000458
0.000366
1.358735
0.048034
0.075043
0.000946
0.09613
0.259766
103.743042
12.030731
0.249848
0.00064
0.289856
0.275116
0.234131
142.89978
0.470002
0.00058
23.724426
1.654571
0.26651
283.607544
0.001862
3.7612
0.019867
9.1E-05
0.240204
0.219971
0.000671
0.859192
0.210602
0.25882
61.443542
3.105225
143.655181
0.003357
0.312714
0.640015
1.049377
0.23056
1.462433
0.106873
0.006012
0.994751
5.139923
10.260101
20.559815
29.146728
2.460114
0.279815
0.00055
1.290649
0.079529
0.219055
0.002594
0.000519
0.339661
0.027526
0.009674
0.641297
0.01239
1.320038
0.05661
0.099976
0.000122
0.15036
0.000122
4.902832
36.714264
0.01004
0.009857
0.375794
0.780029
114.544769
0.005127
0.00766
0.157562
0.005494
0.109375
0.11029
0.15625
0.293457
1.119965
2.239959
4.490204
8.989899
7.089172
0.138001
10.732879
24.563569
0.010009
0.005066
11.341187
48.410064
0.450013
0.430664
31.382202
0.002075
4.865082
0.009643
0.030304
0.229645
2.750031
2.057769
0.773926
0.81836
0.003051
0.067108
0.139802
0.07022
0.049683
0.040344
0.009827
0.009521
0.070405
3E-05
0.230743
0.090638
0.208587
1.049927
0.000519
1.109894
1.020721
0.008911
0.010437
0.009918
0.000123
0.009552
0.010131
0.010071
0.009888
0.000213
0.010071
0.261078
0.2388
2.150086
0.319885
9.1E-05
0.43982
0.019958
0.009919
0.009979
0.010101
0.000153
0.230865
0.278748
0.010284
0.010101
9.2E-05
0.009552
0.010101
1.910401
5.679962
5.140045
21.679871
43.360138
186.209899
1.800171
0.000428
15.934295
2.681855
0.049194
0.001007
0.339081
0.010803
0.029205
0.00998
0.000122
0.029907
0.02005
0.039947
0.010895
0.008698
7.012512
4.661926
1.567383
0.006592
2.007904
0.01004
0.019928
0.640015
0.320282
0.000183
0.002655
0.006683
0.170166
0.053711
0.186524
0.217895
130.383667
4.426331
4.382385
80.271912
5.932739
4.922943
1.666809
7.562622
38.020447
0.000793
2.802094
0.010376
0.000122
0.269501
0.249664
0.00061
1.755524
0.214081
0.257385
1.610352
0.162963
233.644471
0.00064
2.004731
0.000152
1.728424
0.000489
0.000366
0.000458
0.121307
0.000366
0.4888
0.089722
0.200073
0.113404
0.176757
0.129761
0.180298
0.119842
37.705567
0.249939
0.000549
126.681183
0.459412
0.920013
1.839996
0.090302
0.430359
0.859955
184.853912
0.002014
3.382874
0.009338
0.031189
0.22876
0.000641
1.41037
0.919128
0.251129
207.872894
2.608612
67.430298
2.329956
0.000367
39.109497
0.010101
0.00531
0.004791
0.009644
223.099975
2.716462
3.299926
45.537903
0.001984
6.612304
4.219941
3.072815
5.927307
2.583282
0.046631
0.242279
0.00061
165.33194
2.007111
4.002991
0.473236
95.221771
0.257263
0.00058
11.725159
2.291442
1.083405
0.0466
0.001587
0.244019
0.194488
0.009186
0.020783
0.000122
0.029663
0.019806
0.020019
0.020142
3E-05
3.1E-05
9.992981
2.512115
0.257935
0.005707
0.334014
0.040406
6.1E-05
0.029785
0.175323
0.304596
0.026642
0.436218
0.027222
0.002319
0.248078
0.000122
20.857849
2.482788
12.377411
4.766113
238.651947
0.002015
2.659606
0.029511
6.1E-05
0.260345
0.000916
2.107483
0.231384
0.294769
21.767731
0.000183
0.000122
2.003083
0.000183
9.1E-05
0.66153
0.000824
0.196258
0.304077
0.097901
0.079498
0.051361
0.258057
12.668365
2.007233
38.883972
0.001129
1.558411
0.191803
0.258942
2.015014
0.812958
0.00769
0.020203
0.12027
0.002258
6.842194
0.000641
0.000457
0.00058
0.001404
1.095123
0.049225
0.003998
0.155884
0.009765
0.243226
0.106994
0.009979
0.097077
0.000488
0.192139
0.401581
4.750122
9.500213
19.019898
32.304687
0.034455
1.815307
0.079865
0.079895
0.000671
0.869843
0.255157
0.354309
2.205719
33.948517
0.009979
0.000611
0.560852
1.140045
78.778534
0.259887
0.000824
35.543091
0.017578
0.147095
0.005798
0.204377
0.170379
1.159211
0.005554
20.713592
0.000122
0.009278
97.264618
0.709961
46.506958
2.773071
1.514221
108.754547
0.002167
3.056702
0.019927
0.032441
0.537689
1.406586
1.653411
0.049836
4.430236
272.83722
2.839935
0.00058
1.227417
1.704468
0.197448
0.007965
0.000824
0.451569
0.000122
0.049469
0.039124
0.570922
0.035248
0.29477
2.144775
0.835266
154.506805
0.023621
0.546326
1.45636
0.251922
0.405396
0.122436
0.060395
