70
68
68
80
72
78
76
76
68
148
68
76
68
120
76
82
68
103
68
68
68
71
79
68
68
312
68
68
68
68
72
180
68
68
72
184
185
146
147
101
78
89
151
75
86
74
76
77
79
75
91
77
80
101
183
178
182
181
146
147
151
86
75
187
146
147
151
86
75
151
86
75
170
183
175
185
192
180
55
72
267
68
72
213
68
513
68
68
72
81
72
462
68
76
72
180
68
68
72
183
182
181
183
178
192
78
75
74
76
77
79
90
77
80
125
100
75
75
185
184
184
187
183
100
147
177
147
183
147
68
68
72
72
239
68
72
212
68
76
78
78
76
68
68
68
68
72
76
76
76
76
68
68
156
68
68
68
254
89
68
260
1358
68
95
68
71
76
76
76
81
86
86
76
86
86
68
86
86
86
68
86
86
86
86
86
86
76
68
147
68
76
669
68
214
242
68
68
76
76
68
155
68
120
68
76
68
68
76
123
68
102
82
68
68
68
82
68
68
312
68
68
68
68
72
462
68
68
80
72
80
68
68
71
79
68
68
62
72
180
68
68
72
183
184
184
181
185
177
78
89
75
86
74
76
77
79
75
77
80
91
182
192
77
91
77
91
77
91
91
178
72
609
68
68
72
212
68
78
68
80
72
72
463
68
81
81
68
68
72
72
180
68
68
72
184
184
182
192
178
78
90
100
75
74
101
76
79
75
77
80
77
185
181
147
177
147
147
72
463
68
72
180
68
76
76
76
76
76
76
68
172
68
158
68
76
68
68
76
103
68
82
97
68
68
68
82
68
68
312
68
68
68
68
72
463
68
88
88
92
68
68
72
76
72
180
68
68
72
184
193
181
185
146
147
78
89
75
86
74
76
77
79
75
91
77
80
192
182
178
146
147
146
147
72
239
68
65
513
72
180
68
68
68
72
72
461
68
78
68
68
72
72
180
68
68
72
182
192
181
178
78
155
75
74
76
77
79
90
75
77
80
100
185
170
175
183
147
177
55
147
147
72
239
68
66
66
62
62
62
62
62
62
62
62
62
62
62
62
62
62
68
68
72
178
68
68
72
72
239
68
81
72
180
68
86
86
86
86
86
86
76
76
68
127
68
76
68
76
128
68
82
68
68
76
76
76
76
76
76
76
68
117
68
76
72
68
461
129
68
82
68
68
312
68
68
68
68
68
68
72
80
68
68
72
497
68
76
72
180
68
185
147
147
170
175
146
78
89
125
75
86
74
91
76
77
79
75
91
77
80
180
192
181
182
183
178
55
147
147
146
125
183
147
147
146
125
183
125
184
185
187
72
496
68
146
146
146
72
212
68
72
180
68
72
496
68
68
68
72
76
70
68
68
68
72
78
71
192
68
68
72
182
192
181
184
184
187
178
100
71
147
182
68
68
78
75
74
76
77
79
90
75
77
80
76
185
147
147
76
76
68
116
68
166
68
76
68
68
76
116
68
82
103
68
68
68
82
68
68
312
68
68
68
68
72
210
68
72
180
68
68
80
72
81
513
72
496
68
72
180
68
68
72
187
181
185
147
147
121
86
78
75
74
76
77
79
75
77
80
71
192
170
175
146
91
68
68
89
91
183
178
182
147
147
79
175
146
183
147
147
79
146
183
79
146
146
146
72
210
68
68
68
72
76
170
175
183
72
213
68
76
68
68
72
76
76
76
81
86
91
91
91
91
91
91
91
91
91
91
91
76
76
68
164
68
68
169
76
68
68
76
99
68
82
94
68
68
68
82
68
68
312
68
68
68
68
72
496
68
72
180
68
192
182
178
170
175
78
115
75
74
76
77
90
75
77
80
86
95
79
181
184
184
187
177
147
147
185
55
147
147
147
147
72
496
68
71
79
68
68
62
68
68
72
80
68
68
68
80
72
177
72
180
68
72
239
68
78
68
68
72
72
496
68
81
68
68
72
72
180
68
68
72
169
192
176
182
182
188
78
89
75
74
76
77
79
75
91
77
80
190
190
185
190
190
72
267
68
72
212
68
76
68
68
72
76
76
68
121
68
177
68
76
68
68
76
134
76
68
82
68
68
132
68
105
68
68
56
82
68
68
312
68
68
68
68
72
497
68
68
68
72
71
78
68
68
76
72
180
68
68
72
147
147
184
184
182
181
178
78
116
75
74
76
77
79
90
75
77
80
170
175
80
185
77
147
147
72
497
68
68
80
72
72
180
68
72
497
68
71
78
68
68
78
68
68
72
65
513
71
117
68
68
513
513
513
513
72
180
68
68
72
187
185
170
175
183
78
75
76
79
75
91
89
74
86
77
77
80
180
182
181
81
178
55
68
68
91
91
153
72
267
68
66
66
62
62
62
62
62
62
72
62
62
62
62
213
68
62
62
62
62
71
78
68
68
81
78
78
76
68
68
68
80
72
76
68
68
71
86
86
86
86
86
86
76
68
68
76
76
68
159
68
68
141
76
68
68
76
111
76
68
82
107
68
56
68
68
82
68
68
311
68
68
68
68
72
497
68
68
68
72
80
68
68
72
461
68
76
72
180
68
68
72
190
177
182
183
188
185
78
74
76
77
79
85
75
80
75
77
71
187
192
91
68
68
105
115
191
191
153
55
68
68
72
72
180
68
72
462
68
76
68
68
72
78
72
180
68
68
72
153
188
192
191
194
194
78
89
75
74
76
77
79
75
91
77
80
116
89
185
153
116
89
153
116
89
116
182
177
89
190
72
267
68
153
153
153
72
238
68
68
68
72
184
68
68
72
184
76
76
68
157
68
160
68
76
68
68
76
117
68
68
82
119
68
68
68
82
68
68
311
68
68
68
68
72
462
68
72
180
68
68
80
72
81
70
68
68
68
72
72
462
68
72
180
68
68
72
147
178
182
170
175
184
184
78
75
74
76
77
79
85
75
77
80
91
192
81
78
85
68
192
68
86
86
188
147
175
76
180
55
55
147
76
76
72
267
68
153
153
153
72
212
68
76
72
180
68
65
513
68
80
72
76
76
76
76
71
78
68
68
65
86
86
86
86
86
86
86
86
86
86
86
86
86
86
86
242
76
76
68
156
68
76
68
68
139
82
76
68
68
76
76
76
76
76
76
71
85
497
68
76
68
68
121
68
76
68
118
82
68
68
310
68
68
68
68
72
180
68
68
72
183
192
192
176
182
182
188
78
110
75
74
77
79
75
91
77
80
76
100
183
184
184
187
147
146
147
74
183
147
146
147
74
183
147
146
147
74
147
147
147
68
68
72
80
68
68
72
210
68
146
147
146
147
146
147
72
212
68
71
79
68
68
62
68
80
72
78
72
463
68
81
68
80
72
72
180
68
68
72
191
191
180
183
78
94
75
91
76
77
79
85
75
77
80
74
71
190
192
161
192
78
68
589
68
107
181
188
188
183
74
161
188
183
74
161
74
72
267
68
68
68
72
177
72
180
68
76
68
68
72
71
76
68
68
76
76
68
154
68
142
68
76
68
76
68
68
116
68
125
82
68
82
68
68
311
68
68
68
68
72
461
68
88
88
92
72
180
68
68
72
197
185
195
192
177
182
191
191
78
75
76
77
79
75
77
80
86
74
82
190
180
190
190
72
267
68
68
68
72
174
76
72
212
68
68
68
72
72
460
68
78
68
80
72
72
180
68
68
72
191
170
175
176
183
174
78
94
110
75
74
76
77
79
85
75
77
80
104
185
182
184
187
177
147
191
183
177
147
191
183
177
147
72
239
68
191
177
191
177
191
177
72
263
68
68
68
71
88
72
180
68
66
66
62
62
62
62
62
62
62
62
62
62
62
62
62
62
81
86
86
86
86
86
86
76
76
68
162
68
144
68
76
68
76
68
126
68
68
68
104
82
68
68
82
68
68
311
68
68
68
68
72
461
68
513
68
68
72
68
68
72
80
68
68
76
72
180
68
68
72
183
187
192
78
75
74
86
76
77
79
75
77
80
107
82
96
170
175
191
191
174
145
146
589
68
68
72
77
177
145
146
68
68
77
68
145
146
68
77
68
68
68
72
239
68
146
146
146
68
68
72
238
68
68
80
72
72
461
68
76
68
68
72
78
72
180
68
68
72
185
191
191
180
177
182
78
99
75
74
76
77
79
85
75
82
80
77
190
192
68
68
71
88
72
180
68
76
76
68
148
68
158
68
76
68
76
68
68
68
108
92
68
82
82
68
68
68
311
68
68
68
68
72
463
68
68
68
72
68
68
72
81
72
180
68
68
72
190
192
190
177
182
191
78
75
74
86
76
79
75
80
115
77
77
191
191
194
180
190
190
80
72
72
180
68
76
70
68
68
80
72
76
78
78
76
68
68
76
68
68
71
76
76
76
81
81
76
86
86
86
68
86
86
68
86
86
86
86
86
86
86
76
76
68
117
68
160
68
76
68
76
68
68
140
68
135
68
82
82
68
68
68
68
311
68
68
68
68
72
463
68
72
180
68
68
72
191
191
194
180
95
78
99
74
76
79
85
75
77
80
112
75
77
82
177
170
175
183
182
185
146
147
146
147
146
147
72
463
68
147
147
147
72
180
68
68
68
72
80
68
68
71
79
68
68
62
65
513
78
68
80
72
72
463
68
81
72
180
68
68
72
182
184
184
185
78
75
74
86
76
77
79
75
82
77
80
174
68
68
72
72
180
68
76
76
76
68
150
68
126
68
76
68
76
68
68
114
104
68
82
82
68
68
68
311
68
68
68
68
72
463
68
68
80
72
72
180
68
68
72
184
184
177
170
175
183
174
183
185
68
68
78
75
74
76
77
79
85
75
77
80
185
183
183
72
210
68
76
72
237
68
68
80
72
72
463
68
78
72
180
68
68
72
192
100
112
75
86
76
79
75
80
78
74
77
77
71
184
153
180
177
182
91
68
68
99
82
190
153
182
153
72
239
68
184
153
153
153
68
68
72
72
180
68
66
66
62
62
62
62
62
62
62
62
62
62
62
62
62
62
72
463
68
81
86
86
86
86
86
86
86
76
76
68
131
68
156
68
76
68
76
68
68
125
68
98
68
82
82
68
68
68
311
68
68
68
68
72
462
68
68
80
72
80
68
68
68
68
72
76
72
180
68
68
72
156
180
190
177
182
183
110
78
75
74
76
77
79
85
75
77
80
82
185
192
82
191
72
239
68
72
180
68
65
513
72
462
68
68
68
72
76
72
180
68
68
72
191
184
177
182
192
185
155
78
75
101
74
86
76
77
79
75
82
77
80
183
174
72
462
68
78
72
212
68
68
80
72
71
76
68
68
76
76
68
121
68
159
68
76
68
76
68
68
107
68
132
68
82
68
82
68
68
311
68
68
68
68
72
462
68
81
70
68
68
68
72
72
180
68
68
72
187
178
148
174
183
78
104
75
74
76
77
79
85
75
82
77
80
112
182
182
80
185
170
175
183
78
78
78
72
267
68
72
459
68
72
213
68
76
68
68
72
71
78
68
68
76
76
76
76
76
76
76
81
81
81
81
81
81
81
81
81
81
81
81
81
81
81
81
242
81
81
76
76
68
125
68
122
68
76
68
76
68
68
96
108
68
82
82
68
68
68
311
68
68
68
68
72
180
68
68
72
175
182
183
185
115
100
75
74
86
76
77
79
75
82
77
80
78
178
148
184
184
174
74
74
74
68
68
72
184
72
210
68
72
459
68
72
238
68
68
68
72
80
68
68
71
79
68
68
71
78
68
68
78
71
79
68
68
71
79
68
68
62
72
459
68
68
68
72
65
513
71
78
68
68
81
72
180
68
68
72
178
148
174
183
78
104
75
76
77
79
85
75
77
80
74
182
183
85
183
85
85
185
68
68
71
88
72
239
68
72
459
68
72
180
68
76
68
68
72
76
76
68
159
68
124
68
76
68
76
68
68
116
68
68
117
82
82
68
68
68
311
68
68
68
68
72
458
68
88
88
92
72
180
68
68
72
187
182
185
78
75
74
86
76
77
79
75
77
80
107
82
170
176
183
174
81
183
68
68
91
91
75
183
183
75
183
75
72
239
68
72
213
68
76
68
80
72
72
458
68
78
71
91
68
68
513
513
72
180
68
68
72
178
148
174
170
146
176
78
99
74
76
77
79
85
75
77
80
75
82
71
182
185
78
68
68
110
184
184
174
146
174
146
72
458
68
68
80
72
72
180
68
66
66
62
62
62
62
62
62
62
62
62
62
62
62
62
62
81
78
78
76
68
68
76
68
68
71
86
86
86
86
76
86
86
68
68
86
86
86
76
76
68
145
68
165
68
76
68
76
68
101
68
68
97
68
82
82
68
68
68
311
68
68
68
68
72
458
68
68
80
72
172
68
68
72
80
68
68
72
493
68
76
72
180
68
68
72
178
148
182
185
184
184
187
170
146
176
78
75
74
77
79
75
82
77
80
76
71
78
68
68
86
174
146
174
146
174
72
180
68
72
493
68
76
68
68
72
65
513
72
180
68
68
72
185
155
184
184
180
75
74
76
79
85
75
80
78
77
82
77
71
192
78
68
68
107
177
182
182
182
72
267
68
78
72
180
68
76
76
68
133
68
76
68
119
68
76
82
68
68
76
76
76
76
76
76
76
68
161
72
68
76
68
498
100
68
68
82
68
311
68
68
68
68
68
80
72
81
70
68
72
180
68
68
72
158
191
196
86
76
77
82
78
110
75
74
79
75
77
80
191
191
180
158
180
158
180
72
239
68
154
154
68
68
72
154
72
237
68
68
80
71
88
72
180
68
72
497
68
76
76
70
68
68
68
72
76
76
76
76
71
194
68
68
72
65
81
81
81
81
81
81
81
76
81
81
81
81
81
81
81
191
191
194
190
180
78
99
75
74
76
77
79
85
75
77
80
91
190
183
190
180
85
77
190
192
190
180
77
190
77
76
76
68
179
68
170
68
76
68
76
118
68
132
82
68
68
82
68
68
68
76
68
68
68
132
68
76
68
107
82
68
311
68
68
68
68
72
210
68
72
180
68
68
68
72
80
68
68
78
68
68
72
71
79
68
68
62
72
497
68
72
180
68
68
72
191
191
192
190
107
78
75
74
76
77
79
75
80
77
86
82
71
78
177
182
180
190
68
68
110
184
182
190
182
190
81
72
180
68
68
68
72
76
76
76
76
65
513
71
76
68
68
76
76
68
127
68
169
68
76
68
76
126
68
132
82
68
82
68
68
311
68
68
68
68
72
497
68
72
180
68
68
72
180
184
177
153
183
190
78
94
105
75
74
76
77
79
85
75
77
80
191
191
194
190
192
180
153
190
180
153
190
72
180
68
68
80
72
76
76
76
76
72
498
68
78
68
80
72
71
78
68
68
513
72
180
68
68
68
72
177
189
184
184
192
177
182
91
78
75
74
76
77
79
75
77
80
86
82
180
182
91
182
91
91
192
72
239
68
72
180
68
66
66
62
62
62
62
62
62
62
62
62
62
62
62
62
62
81
86
86
86
86
86
86
76
76
68
171
68
119
68
76
68
76
127
68
134
68
82
82
68
68
311
68
68
68
68
72
498
68
68
80
72
80
68
68
72
461
68
76
76
72
180
68
68
72
192
183
184
184
187
180
190
78
75
74
76
77
79
85
75
77
80
90
107
185
170
146
176
177
147
180
146
147
72
237
68
180
146
147
72
181
68
72
180
68
72
461
68
68
80
72
76
72
180
68
68
72
185
177
147
78
99
95
75
91
74
76
77
79
75
82
77
80
86
182
184
184
187
183
86
147
91
86
147
91
86
91
183
86
174
72
180
68
78
68
68
72
76
76
68
142
68
76
68
128
68
76
82
68
132
68
68
71
68
79
76
68
68
157
68
76
68
68
99
68
82
68
68
311
68
68
68
68
72
461
68
65
513
81
70
68
72
180
68
170
176
176
182
184
184
187
177
183
174
78
82
71
169
68
68
75
74
76
77
79
85
75
77
80
185
76
76
76
68
68
72
72
180
68
72
461
68
76
70
68
68
80
72
76
72
180
68
68
72
177
184
184
183
185
78
91
86
90
75
74
77
79
75
77
80
76
81
183
174
177
147
68
68
99
182
177
147
177
147
78
78
76
68
68
72
461
68
177
76
68
71
76
76
76
81
86
91
76
91
68
91
68
91
91
91
91
91
91
91
91
86
86
91
91
242
76
76
68
154
68
155
68
76
68
76
68
68
118
120
68
82
82
68
68
68
68
311
68
68
68
68
72
462
68
68
68
72
152
177
152
152
72
72
212
68
152
152
152
78
