7915285.522
7918304.779
22318715.24
22321594.91
36722085.08
36724817.57
51125225.28
51127884.89
65528279.79
65530989.96
79791547.85
79800366.79
79931385.01
94334419.86
94337603.06
108738025.5
108740692.3
123141125.9
123143985.3
137544435.6
137547109.3
151947525.5
151950247.2
166350655.5
166353286.1
166792177
180753695.8
180756355.6
195156926.2
195159497.1
209560008.5
209562668.6
223963049
223965825.3
238366175.3
238376461.6
252776998.7
252777097
253792804.1
253795407
267177495.4
267185564.8
281585995.4
281588667.4
295989075.7
295991895.2
310392306.8
310394876
324795335.5
324797935.2
339198427.6
339203665.1
339204288.6
340793422.2
340794632.4
353605175.2
353607811.9
368008225.3
368010825
382411165.2
382413775
396814105.4
396816645.1
411217220.1
411219896.9
425620425.3
425623012.4
427794026

