56
56
109
56
56
56
212
212
212
78
76
68
148
68
80
80
68
266
68
681
68
105
68
56
56
56
70
107
68
106
68
68
72
71
103
68
109
56
71
73
73
73
73
73
73
76
79
79
79
68
79
65
68
79
79
65
79
56
76
56
56
373
56
56
56
56
56
56
212
212
113
68
68
72
80
68
68
56
212
68
80
68
72
56
76
56
56
373
56
56
109
56
91
115
68
56
56
56
70
107
107
68
68
68
68
72
71
103
68
56
56
109
56
68
80
68
72
82
76
68
296
469
68
80
68
68
65
65
109
56
78
76
68
148
68
68
68
68
378
68
404
80
404
404
80
76
68
68
148
68
68
68
68
378
80
378
80
378
68
68
556
68
68
109
56
70
107
107
68
68
68
72
71
103
68
83
83
76
68
307
80
68
68
68
68
68
80
68
319
68
68
68
68
80
68
321
68
68
68
68
80
68
323
68
68
80
80
80
68
68
68
80
68
68
68
68
68
68
72
76
76
68
1077
68
68
56
56
56
56
56
56
56
56
109
56
70
107
68
107
68
68
72
71
103
68
56
56
109
56
68
68
72
93
68
109
56
109
56
70
107
107
68
68
68
68
72
71
103
68
68
68
72
109
56
70
107
68
107
68
68
72
71
103
68
56
109
56
56
68
68
72
76
76
68
1077
68
68
56
56
56
56
56
56
56
56
56
109
56
78
83
76
76
68
148
68
148
68
68
68
68
68
68
68
68
266
266
68
681
68
809
68
68
105
68
105
68
56
56
56
56
56
56
56
56
70
107
68
107
68
68
72
71
103
68
83
83
83
83
83
83
83
83
83
93
68
68
68
72
80
68
68
109
56
68
68
72
70
107
70
68
107
68
68
68
72
71
103
68
109
56
56
109
56
56
68
80
68
72
82
76
68
296
469
68
80
68
68
109
56
68
70
107
68
107
68
68
68
72
71
103
68
83
76
68
307
80
68
68
68
80
68
80
68
323
68
68
68
80
68
68
68
319
68
68
68
80
68
68
321
68
68
68
68
68
68
68
68
68
80
80
68
68
68
109
56
68
71
68
95
68
68
466
466
76
76
68
1077
68
68
56
56
56
56
56
56
56
71
79
68
68
62
109
56
70
107
68
107
68
68
72
71
103
68
71
76
68
68
93
68
56
109
56
56
66
66
66
66
62
62
62
62
62
62
62
62
62
62
62
62
62
62
68
80
68
72
109
56
70
107
107
68
68
68
68
72
71
103
68
109
109
56
76
56
56
56
56
125
56
56
237
56
68
68
72
109
109
109
109
56
70
107
68
107
68
68
68
72
71
103
68
109
56
56
68
68
72
76
76
76
68
1077
80
80
80
80
68
68
56
56
56
56
56
56
56
56
78
93
76
68
68
148
68
80
80
68
266
68
681
68
105
68
56
56
56
56
70
107
68
107
68
68
72
71
103
68
73
73
73
73
73
73
79
79
79
79
65
79
79
65
79
175
175
109
56
56
68
68
72
80
68
68
56
109
56
68
68
72
109
56
70
107
68
107
68
68
72
71
103
68
109
109
56
68
68
72
82
76
68
296
469
68
80
68
68
109
56
70
107
68
107
68
68
72
71
103
68
83
76
68
307
80
307
68
68
68
68
68
80
68
319
68
80
88
88
80
68
68
321
68
80
80
68
80
68
323
68
68
68
68
80
68
68
68
68
68
80
68
68
68
56
56
109
56
56
68
80
68
72
76
76
68
1077
68
80
80
56
56
56
56
56
56
93
68
80
109
56
70
107
70
107
68
68
68
72
71
103
68
109
56
68
68
72
109
56
70
107
68
107
68
68
72
71
103
68
56
56
109
56
68
68
72
109
56
70
107
68
107
68
68
72
71
103
68
109
56
68
80
68
72
76
93
76
68
68
1077
68
68
56
56
56
56
56
56
56
56
109
56
78
76
68
148
68
68
68
68
266
68
681
68
105
68
56
56
56
56
70
107
107
68
68
68
68
72
72
136
68
71
83
83
83
83
83
83
83
83
76
83
68
68
72
220
68
56
56
109
56
68
68
72
80
68
68
68
68
72
56
81
56
81
76
56
377
56
56
56
56
56
56
212
212
212
109
56
56
76
56
56
373
56
56
56
56
56
70
107
107
68
68
80
80
68
68
72
71
103
68
109
56
56
72
220
68
56
56
56
56
68
68
72
82
82
76
68
296
469
68
80
68
68
109
56
70
107
68
107
68
68
72
71
103
68
83
76
68
307
80
68
68
68
68
80
68
80
68
319
68
68
80
68
80
68
321
68
68
80
88
80
68
68
323
68
68
68
68
80
68
68
68
68
68
68
68
56
109
56
56
93
68
68
68
72
81
68
68
466
466
76
76
68
1077
80
80
80
56
56
56
56
56
56
56
56
109
56
71
79
68
68
109
56
62
70
107
68
107
68
68
72
71
103
68
66
66
62
62
62
62
62
62
62
62
62
62
62
62
62
62
68
80
68
72
109
56
70
107
68
107
68
68
72
71
103
68
56
109
56
56
68
80
68
72
109
56
88
92
70
107
107
68
68
68
68
72
71
103
68
93
68
68
68
72
109
56
76
76
68
1077
68
68
56
56
56
56
56
56
56
78
76
68
148
68
68
68
68
266
68
681
68
105
68
56
56
56
70
107
68
107
68
68
72
71
103
68
73
73
73
73
73
73
73
73
73
79
79
79
79
65
79
79
65
79
109
56
56
109
56
56
68
68
72
80
68
68
68
68
72
109
56
70
107
70
68
107
68
68
72
71
103
68
109
56
68
68
72
82
76
68
296
469
68
68
68
93
68
70
107
68
107
68
68
72
71
103
68
83
76
68
307
80
68
68
68
68
80
68
68
319
68
68
68
68
80
68
68
321
68
68
68
68
80
68
323
68
68
80
80
80
80
68
68
68
68
80
68
109
56
68
68
56
109
56
56
68
68
72
76
76
68
1077
68
68
68
56
56
56
56
56
56
109
56
70
107
68
107
68
68
72
71
103
68
71
76
68
68
109
56
68
68
72
109
56
70
107
68
107
68
68
72
71
103
68
56
56
109
56
68
68
72
109
56
93
68
70
107
68
107
68
68
72
71
103
68
109
56
68
80
68
72
76
76
68
1077
68
68
56
56
56
56
56
56
56
109
56
78
76
68
148
68
68
68
68
266
68
681
68
105
68
56
56
56
70
108
70
108
107
68
68
80
68
71
68
107
68
83
83
83
83
83
83
83
83
83
68
68
72
80
68
68
56
56
109
56
109
56
68
68
72
65
65
466
70
108
68
107
68
68
72
71
103
68
109
56
68
80
68
72
82
76
68
296
469
68
80
68
68
93
68
109
56
70
108
68
107
68
68
72
71
103
68
83
76
68
307
80
68
68
68
80
68
68
80
68
80
80
319
68
68
68
80
68
68
68
321
68
68
68
68
68
68
323
68
68
68
80
68
68
68
68
68
80
80
80
80
68
68
68
56
109
56
56
109
56
68
68
72
76
76
68
1077
68
68
56
56
56
56
56
56
56
56
71
79
68
68
62
109
56
70
108
107
68
68
68
68
72
71
103
68
66
66
66
66
62
62
62
62
62
62
62
62
62
62
62
62
62
62
68
80
68
72
109
56
70
108
68
107
68
68
72
71
103
68
56
56
109
56
93
68
68
68
72
109
56
70
108
68
107
68
68
72
71
103
68
68
68
72
76
76
68
1077
68
68
56
56
56
56
56
56
56
109
56
78
76
68
148
148
68
68
68
68
266
68
681
68
105
68
56
56
56
70
108
68
107
68
68
72
71
103
68
71
73
73
73
73
73
73
76
79
79
79
68
79
65
68
79
79
65
79
175
175
109
56
56
109
56
56
68
68
72
80
68
68
76
76
68
69
190
68
68
68
69
141
68
68
68
72
109
56
56
81
56
81
81
257
76
449
56
377
70
108
68
107
68
68
72
71
103
68
93
68
56
212
56
56
56
76
56
373
56
56
69
89
68
68
56
56
56
56
68
68
72
82
76
68
296
469
68
80
68
68
56
109
56
56
56
109
56
70
108
68
107
68
68
72
71
103
68
109
56
83
76
68
307
80
68
68
68
80
68
68
68
319
68
68
68
80
68
68
68
321
68
80
68
80
68
68
323
68
68
68
80
68
68
68
68
68
68
68
68
68
56
109
56
56
68
68
72
76
76
68
1077
68
68
56
56
56
56
56
56
56
56
109
56
70
108
70
68
107
68
68
72
71
103
68
68
80
68
72
72
109
56
109
56
93
68
70
108
107
68
68
68
68
72
71
103
68
56
56
109
56
56
68
68
72
109
109
56
70
108
68
107
68
68
68
72
71
103
68
68
68
72
76
76
68
1077
68
68
56
56
56
56
56
56
56
109
56
76
109
56
56
56
125
56
237
56
109
109
109
109
109
56
76
76
109
56
56
56
76
56
125
56
237
237
56
78
76
68
148
148
68
68
68
68
266
68
681
68
105
68
56
56
56
70
108
68
107
68
68
72
71
103
68
83
83
83
83
83
83
83
83
83
68
68
72
80
68
68
68
68
72
109
56
93
68
70
108
70
68
107
68
68
72
71
103
68
109
56
68
68
72
82
76
68
296
469
697
68
80
68
68
109
56
56
56
109
56
70
108
68
107
68
68
72
71
103
68
83
76
68
307
80
68
68
68
80
68
68
80
68
319
68
68
68
68
68
68
68
321
68
68
68
68
68
68
323
68
68
80
68
68
68
80
80
80
80
68
68
80
68
68
68
68
68
72
71
91
68
68
466
466
466
466
76
76
68
1077
1077
80
68
68
56
56
56
56
56
56
56
56
109
56
71
79
68
68
62
70
108
68
107
68
68
72
71
103
68
71
76
68
68
109
56
66
66
66
66
62
62
62
62
62
62
62
62
62
62
62
62
62
62
68
80
68
72
93
68
109
56
56
56
109
56
70
108
68
107
68
68
68
72
71
103
68
68
68
72
109
56
68
80
80
88
92
70
108
68
107
68
68
68
72
71
103
68
109
109
56
68
68
72
76
76
68
1077
1077
1077
68
68
56
56
56
56
56
56
56
56
56
92
78
109
76
56
68
148
68
68
68
68
266
266
68
681
68
105
68
56
56
56
56
56
56
56
109
56
70
108
70
108
68
145
68
68
68
72
73
73
73
73
73
73
79
79
79
79
65
79
79
65
79
68
80
68
72
93
72
68
80
68
68
68
80
68
72
109
56
70
108
68
107
68
68
72
71
103
68
109
56
109
56
56
56
56
68
68
72
82
76
76
68
296
469
80
80
68
68
68
56
109
70
108
70
68
145
68
68
72
83
76
68
307
80
68
68
68
68
80
68
80
68
323
68
68
80
88
80
68
319
68
68
68
68
68
80
68
321
321
68
68
68
68
68
80
68
68
68
80
68
68
68
68
68
68
72
76
76
68
1077
80
80
80
68
68
56
56
56
56
56
56
56
56
109
56
70
108
68
145
68
68
68
72
93
68
109
56
109
56
68
68
72
56
109
70
108
68
107
68
68
72
71
103
68
68
68
72
109
56
70
108
70
145
68
68
68
72
109
56
109
56
68
80
68
72
76
76
68
1077
68
68
56
56
56
56
56
56
56
56
78
76
68
148
68
68
68
68
266
68
681
68
105
68
56
56
56
56
56
56
56
56
56
56
109
93
68
70
108
68
107
68
68
68
72
71
103
68
71
83
83
83
83
83
83
76
83
83
83
68
68
68
80
68
72
80
68
68
68
68
72
109
80
56
70
108
68
107
68
68
68
72
71
103
68
109
56
56
81
56
56
81
56
76
56
377
56
56
56
56
68
80
68
72
82
76
68
296
469
68
68
68
80
68
68
80
80
80
56
56
56
56
212
56
212
212
56
56
76
56
373
56
56
56
56
56
56
56
56
109
56
56
56
56
109
56
56
56
56
70
108
68
107
68
106
72
83
76
68
307
80
68
68
68
80
68
68
80
80
68
323
80
80
68
323
80
80
80
80
80
68
68
68
80
80
68
319
68
319
80
80
68
68
68
80
68
68
321
68
68
68
68
80
68
68
68
68
68
68
68
68
72
76
76
68
1077
68
68
56
56
56
56
56
56
56
56
109
109
56
76
56
56
56
56
56
56
125
56
56
237
237
56
93
93
68
71
79
68
68
62
70
108
68
107
68
68
68
72
71
103
68
109
56
66
66
66
66
62
62
62
62
62
62
62
62
62
62
62
62
62
62
68
68
72
109
109
109
109
56
56
56
70
108
68
107
68
68
72
71
103
68
109
56
68
68
72
56
56
109
56
56
109
56
56
70
108
70
108
68
70
145
68
68
72
65
65
65
466
68
68
72
76
80
76
68
1077
1077
68
68
56
56
56
56
56
56
56
56
78
76
68
148
68
80
80
68
266
68
681
68
105
68
56
56
93
68
109
56
70
108
68
107
68
68
72
71
103
68
73
73
73
73
73
73
79
79
79
79
79
79
65
79
175
175
56
81
56
115
81
81
76
241
405
56
377
274
975
95
68
76
76
68
148
68
68
254
68
88
274
975
68
1208
1208
1208
1208
68
109
80
56
68
72
80
68
68
1208
56
56
212
212
212
68
68
72
76
56
56
373
56
56
56
109
80
80
80
56
56
109
56
56
70
108
68
107
68
68
71
68
107
68
68
68
72
82
76
68
296
469
68
80
68
68
80
68
56
109
56
56
81
113
81
56
76
56
377
