72
180
68
184
187
191
174
174
170
175
176
85
89
86
74
97
77
75
80
89
79
71
77
151
192
182
181
185
91
68
92
78
176
89
151
89
151
89
147
146
147
146
147
146
76
72
180
68
68
72
65
513
76
70
68
71
76
76
76
82
82
76
87
87
68
87
87
87
87
87
87
87
87
87
87
87
76
68
118
68
76
683
68
215
87
78
78
76
68
68
87
242
68
68
76
76
68
132
68
173
68
76
68
76
68
68
131
68
99
68
82
82
68
68
68
68
311
68
68
68
68
72
520
68
76
68
68
72
180
68
184
191
192
152
181
185
176
181
146
78
102
81
74
85
77
79
75
80
170
175
176
174
152
146
85
152
146
85
85
174
68
80
80
72
80
68
72
180
68
71
78
68
78
66
66
62
62
62
62
62
62
62
62
62
62
62
62
62
62
72
520
68
72
520
68
71
78
68
81
68
72
72
180
68
174
170
175
174
78
89
74
77
79
85
75
92
80
89
97
71
185
77
78
151
146
91
181
68
105
86
184
192
151
146
71
79
68
151
146
62
68
72
178
94
513
513
68
68
72
72
181
68
72
180
68
76
76
76
68
168
68
132
68
76
68
76
68
68
115
68
68
125
82
82
68
68
68
68
311
68
68
68
68
72
519
68
68
72
72
180
68
68
72
187
181
185
170
175
176
192
146
181
78
81
74
85
77
79
75
92
80
68
91
174
174
146
146
88
88
92
72
181
68
76
72
180
68
72
519
68
68
72
80
78
78
72
519
68
65
513
513
72
519
68
72
180
68
175
174
176
184
184
187
78
89
86
97
77
79
85
75
102
89
71
152
182
170
176
176
192
147
147
182
91
68
74
80
85
152
147
147
85
152
147
147
85
185
72
519
68
72
180
68
81
170
76
76
68
127
68
160
68
76
68
76
68
68
132
129
68
82
82
68
68
68
68
310
68
68
68
68
72
519
68
68
80
72
76
76
72
80
68
72
180
68
68
72
187
182
192
170
175
147
182
185
78
81
85
77
79
75
87
74
80
174
87
87
187
147
81
147
81
81
175
72
519
68
72
181
68
72
213
68
68
72
72
519
68
71
78
68
76
70
68
78
78
78
78
72
180
68
170
176
174
175
78
89
86
97
79
85
74
77
75
87
80
109
89
152
182
184
184
78
182
80
192
147
147
185
152
147
147
185
152
147
147
68
72
72
519
68
71
76
68
72
180
68
76
76
68
124
68
140
68
76
68
76
68
68
68
128
134
68
82
82
68
68
68
68
310
68
68
68
68
72
519
68
81
70
68
68
80
72
72
180
68
176
182
184
184
192
185
147
147
183
182
81
74
85
77
79
75
78
80
71
175
174
78
68
102
170
175
147
147
175
147
147
68
72
185
178
72
72
72
519
68
72
210
68
72
180
68
76
65
513
513
68
72
80
76
76
76
76
76
87
87
87
87
87
87
87
87
87
87
87
87
87
87
87
87
87
87
87
87
87
76
76
68
146
68
172
68
76
68
76
68
68
107
68
104
68
82
82
68
68
68
68
311
68
68
68
68
72
519
68
72
180
68
68
72
148
175
174
89
86
87
78
74
77
79
75
80
192
74
107
151
89
68
85
97
182
147
185
148
151
147
148
151
147
72
210
91
154
154
72
210
68
72
180
68
78
68
80
80
72
80
68
66
66
62
62
62
62
62
62
62
62
62
62
62
62
62
62
72
519
68
81
72
180
68
68
72
185
176
192
182
185
151
147
170
176
153
78
85
77
79
75
80
74
187
81
180
81
68
175
151
147
176
153
151
147
153
72
516
68
72
239
68
159
159
159
72
238
68
71
79
68
62
72
180
68
68
72
76
76
76
76
68
158
68
121
68
76
68
76
68
68
118
68
102
68
82
82
68
68
68
68
311
68
68
68
68
72
522
68
68
80
72
72
180
68
68
72
187
175
174
115
86
85
78
74
92
77
75
80
89
94
192
185
182
147
68
79
89
182
115
147
115
147
115
184
184
187
72
527
68
72
210
68
68
71
80
88
76
72
180
68
72
210
68
72
527
68
78
78
68
72
72
180
68
68
72
185
182
192
182
185
147
112
102
78
81
74
85
77
79
75
80
175
177
182
183
176
180
147
182
147
72
528
68
72
239
68
72
180
68
65
513
81
71
86
86
86
86
86
86
76
68
86
86
78
76
78
76
76
76
68
68
156
68
68
68
254
88
68
259
357
68
95
68
86
76
68
156
68
68
254
68
259
357
68
95
68
76
68
156
68
68
254
68
259
361
68
95
68
76
76
68
128
68
175
68
76
68
76
68
68
128
137
82
128
82
68
68
68
68
311
68
68
68
68
72
527
68
76
76
68
68
156
68
68
68
254
68
260
1358
68
95
68
68
80
72
72
80
68
76
72
528
68
72
180
68
68
72
193
175
180
177
182
159
78
89
86
74
92
77
79
85
75
80
74
190
199
193
183
182
159
159
72
527
68
72
239
68
72
180
68
68
72
72
527
68
76
70
68
68
80
72
72
180
68
68
72
187
182
192
183
182
185
170
176
94
78
81
74
85
77
79
75
80
174
148
147
175
147
147
72
527
68
78
72
213
68
76
76
68
154
68
153
68
76
68
76
68
68
123
68
68
132
82
82
68
68
68
68
311
68
68
68
68
72
527
68
81
81
81
81
68
72
72
180
68
68
72
185
179
175
174
147
147
78
89
86
92
85
112
74
77
79
75
80
182
170
175
176
151
192
185
147
151
147
151
72
527
68
72
239
68
72
527
68
72
180
68
76
68
72
76
76
76
76
71
78
68
65
87
87
87
87
87
76
87
87
87
87
87
87
87
76
87
87
87
87
87
87
87
87
242
65
513
76
76
68
68
176
155
68
76
68
76
68
68
141
68
117
68
82
82
68
68
68
68
311
68
68
68
68
72
527
68
72
180
68
68
72
178
152
182
185
192
170
176
176
147
147
151
78
81
74
85
79
80
81
175
174
68
77
75
152
176
147
151
152
147
151
72
527
68
72
239
68
72
180
68
68
72
80
68
78
70
68
66
66
62
62
62
62
62
62
62
62
62
62
62
62
62
62
72
527
68
68
80
72
81
81
72
180
68
68
72
185
178
175
174
170
175
183
78
86
79
85
74
77
75
80
89
92
182
182
192
185
72
527
68
72
239
68
68
71
88
72
180
68
71
79
68
62
71
78
68
513
76
68
72
71
76
68
76
76
68
129
68
156
68
76
68
76
68
68
138
68
122
68
82
82
68
68
68
68
311
68
68
68
68
72
527
68
72
180
68
68
72
178
151
192
152
182
185
94
78
81
74
77
79
75
80
107
125
81
147
147
175
68
85
184
184
170
176
174
151
152
147
151
152
147
72
528
68
72
180
68
88
88
92
76
76
68
80
72
72
528
68
78
72
180
68
68
72
184
175
174
170
175
176
147
147
86
74
77
79
85
75
80
89
92
94
182
185
68
78
130
182
130
130
176
147
86
72
238
68
147
86
86
192
72
528
68
72
181
68
68
80
72
72
177
72
177
72
239
68
72
72
180
68
81
81
86
86
86
86
86
86
86
86
86
76
76
68
173
68
152
68
76
68
76
68
68
121
68
136
68
82
82
68
68
68
68
311
68
68
68
68
72
528
68
65
513
68
72
80
68
76
72
180
68
68
72
178
190
177
182
183
182
193
199
154
155
81
85
77
79
75
78
74
80
175
180
72
528
68
72
239
68
72
180
68
72
528
68
68
72
76
76
76
76
72
180
68
68
72
178
175
174
92
77
85
78
89
74
79
75
80
94
185
183
182
182
125
86
68
184
187
192
72
527
68
72
267
68
71
78
68
78
72
213
68
68
72
76
76
68
149
68
156
68
76
68
76
68
68
135
127
68
82
82
68
68
68
68
311
68
68
68
68
72
524
68
71
78
68
81
68
72
80
72
180
68
68
72
182
184
184
187
192
183
182
185
97
81
85
79
78
74
77
75
80
175
174
170
175
72
267
68
72
180
68
72
524
68
76
68
72
76
72
524
68
71
76
76
76
82
87
92
76
92
92
68
92
92
92
92
92
92
92
92
72
180
68
68
72
178
184
184
175
174
170
176
176
99
78
89
86
92
77
79
85
75
182
94
185
192
147
147
68
74
80
76
78
76
78
76
76
68
68
156
68
68
68
254
88
68
260
1358
92
68
95
68
76
182
68
156
68
68
254
74
68
259
357
68
68
95
68
92
182
74
76
68
156
68
68
254
68
259
357
68
68
95
68
76
68
156
68
68
254
68
259
361
68
95
68
92
183
182
74
76
76
68
68
130
148
68
76
68
76
68
68
123
96
68
68
82
82
68
68
68
68
311
68
68
68
68
72
527
68
76
68
68
72
239
68
72
213
68
65
513
68
80
72
80
68
78
66
66
62
62
62
62
62
62
62
62
62
62
62
72
527
68
62
62
62
72
527
68
72
180
68
68
72
179
154
154
199
193
177
182
182
190
110
85
78
81
77
79
75
80
74
184
184
180
175
72
522
68
72
267
68
81
68
72
80
72
180
68
71
79
68
513
71
78
68
513
62
76
76
76
68
138
68
176
68
76
68
76
68
68
96
122
68
82
82
68
68
68
68
311
68
68
68
68
72
524
68
68
80
72
72
180
68
68
72
184
154
154
180
175
78
84
86
74
92
77
79
85
75
160
80
97
148
149
182
84
153
192
170
176
178
176
182
85
185
153
176
153
176
72
524
68
72
239
68
72
213
68
71
78
68
76
68
72
80
72
524
68
78
72
180
68
68
72
148
152
182
182
192
185
170
175
176
78
81
74
85
77
79
75
80
175
174
152
74
152
74
74
72
524
68
72
239
68
72
180
68
68
80
72
81
86
86
86
86
86
86
86
76
76
68
135
68
167
68
76
68
76
68
68
118
68
136
68
82
82
68
68
68
68
311
68
68
68
68
72
524
68
68
72
80
68
76
72
180
68
68
72
148
148
175
174
170
176
100
78
84
86
77
79
75
80
74
71
184
187
184
182
192
91
68
85
92
152
182
185
65
152
65
152
65
68
72
178
65
513
72
72
524
68
72
239
68
72
180
68
72
524
68
76
68
72
72
180
68
68
72
176
184
182
192
185
182
78
74
80
77
79
75
80
107
174
68
100
81
97
147
147
170
175
175
72
521
68
72
180
68
78
68
80
72
80
71
76
68
76
76
68
147
68
76
68
123
76
82
68
141
68
68
71
68
79
68
68
311
68
68
68
68
72
521
68
81
70
68
68
72
72
180
68
68
72
184
187
184
147
147
175
174
170
176
176
78
86
74
92
77
85
75
80
71
192
183
182
185
91
68
79
84
182
72
521
68
72
239
68
72
180
68
72
521
68
76
68
80
72
76
72
180
68
68
72
147
192
182
185
182
170
175
153
156
95
81
74
80
78
77
79
75
80
174
175
178
176
184
187
184
147
175
153
176
147
153
176
72
147
147
147
147
147
147
76
76
76
82
87
87
87
87
87
87
87
87
87
87
87
87
76
76
87
242
76
76
68
68
174
145
68
76
68
76
68
68
99
119
82
82
68
68
68
68
311
68
68
68
68
147
147
72
521
68
147
72
239
68
72
180
68
68
72
80
68
78
65
513
66
66
62
62
62
62
62
66
62
62
62
66
62
62
66
66
66
66
70
68
66
66
66
66
72
521
68
72
180
68
68
72
176
184
184
175
174
86
92
85
78
84
74
77
79
75
80
97
100
183
182
185
192
151
182
170
176
176
147
147
151
176
147
147
151
147
147
152
152
152
72
525
68
72
181
68
151
151
151
68
72
81
72
180
68
71
79
68
62
76
68
80
72
76
76
68
137
68
116
68
76
68
76
68
68
133
99
68
68
82
82
68
68
68
68
311
68
68
68
68
72
525
68
72
180
68
184
184
178
192
183
182
185
170
175
147
147
182
80
78
81
74
77
79
75
80
147
147
182
80
78
81
74
77
79
75
80
175
147
147
80
79
80
79
174
72
525
68
72
180
68
88
88
92
76
68
72
72
525
68
78
72
180
68
68
72
178
170
176
176
175
174
95
86
92
85
78
94
74
77
75
80
95
79
185
182
184
184
192
185
147
147
147
72
525
68
72
210
68
72
212
68
68
72
81
71
86
86
86
86
76
86
86
68
78
76
76
78
76
76
68
68
156
68
68
254
89
68
259
357
68
95
68
76
68
156
68
68
254
68
259
357
68
68
95
68
76
68
156
68
68
254
68
259
361
68
95
68
76
76
68
68
120
133
68
76
68
76
68
68
128
136
82
82
68
68
68
68
311
68
68
68
68
72
524
68
76
76
68
68
156
68
68
68
254
68
260
1358
68
95
68
68
72
80
68
72
180
68
68
72
178
184
192
182
185
182
147
78
81
74
80
79
80
81
175
174
68
77
75
147
147
76
72
180
68
68
72
80
65
513
72
524
68
76
68
72
72
180
68
68
72
176
182
184
187
184
175
174
97
78
86
74
92
77
79
85
75
80
90
170
175
183
182
192
185
147
147
147
147
147
147
147
147
147
147
147
147
72
528
68
147
147
147
147
147
147
72
180
68
78
78
78
78
76
76
68
169
68
130
68
76
68
76
68
68
123
130
68
82
82
68
68
68
68
311
68
68
68
68
72
528
68
68
72
80
81
72
528
68
72
180
68
68
72
182
178
192
183
182
185
170
176
147
147
78
100
81
74
77
79
75
80
81
184
175
80
68
184
188
174
147
147
147
147
72
528
68
72
210
68
68
72
177
72
212
68
72
525
68
76
68
80
72
72
172
76
72
180
68
68
72
178
175
174
170
175
99
86
74
92
77
79
85
75
80
95
152
182
185
147
147
81
192
185
68
78
78
152
147
147
152
147
147
72
522
68
72
239
68
76
76
76
71
78
68
65
92
92
92
92
92
92
92
92
92
92
92
92
92
92
92
72
212
68
76
76
68
178
68
150
68
76
68
76
68
68
104
68
134
68
82
82
68
68
68
68
311
68
68
68
68
72
524
68
68
72
80
80
68
78
70
68
72
180
68
68
72
182
184
194
192
185
147
182
81
74
80
77
79
75
80
78
97
81
80
175
78
170
176
68
141
80
178
174
147
147
66
66
62
62
62
62
62
62
62
62
62
62
62
62
62
62
66
72
524
68
72
210
68
65
513
72
524
68
72
212
68
68
80
72
81
71
79
68
62
76
72
524
68
71
76
68
76
76
68
116
68
158
68
76
68
76
68
68
139
121
68
68
82
82
68
68
68
68
311
68
68
68
68
72
524
68
68
80
72
72
72
180
68
68
72
176
175
170
176
174
99
74
92
77
79
85
75
80
78
95
152
182
94
182
105
86
68
192
184
192
153
85
95
152
185
95
152
95
95
95
95
147
147
147
147
72
147
147
524
68
72
239
68
72
180
68
76
70
68
72
521
68
68
72
71
78
68
78
72
180
68
68
72
179
182
192
184
192
185
182
147
78
81
74
80
77
79
75
80
175
174
78
147
147
72
239
68
68
72
176
72
213
68
71
78
68
81
86
86
86
86
86
86
86
86
86
76
76
68
140
68
147
68
76
68
76
68
68
103
68
139
68
82
82
68
68
68
68
311
68
68
68
68
72
521
68
68
80
72
72
180
68
68
72
178
184
192
187
175
174
94
86
92
77
79
85
75
78
95
122
94
147
122
182
192
182
185
170
176
146
74
80
68
74
147
178
147
72
521
68
72
239
68
76
72
180
68
68
72
80
68
72
521
68
68
72
76
65
513
513
80
72
172
72
180
68
68
72
178
182
192
183
182
185
147
147
78
81
80
79
75
105
74
77
80
174
184
192
187
74
175
147
147
147
147
72
178
68
68
72
72
239
68
72
180
68
78
76
76
68
154
68
116
68
76
68
76
68
68
114
117
68
68
82
82
68
68
68
68
311
68
68
68
68
72
521
68
68
80
72
81
72
180
68
68
72
178
175
174
184
192
170
176
178
78
94
86
92
77
79
85
75
80
74
95
85
182
192
182
147
185
176
147
147
72
239
68
72
180
68
72
521
68
68
80
72
76
70
68
72
180
68
68
72
185
178
182
192
182
185
147
80
78
81
74
77
79
75
80
136
175
80
74
176
170
175
174
147
78
147
78
78
72
521
68
72
239
68
71
78
68
76
72
180
68
71
76
76
76
82
87
76
92
92
92
68
92
92
92
92
92
92
92
92
92
92
92
92
78
78
76
68
68
92
242
76
76
68
68
179
119
68
68
76
76
68
68
107
106
68
68
82
82
68
68
68
68
311
68
68
68
68
72
521
68
76
68
68
68
80
72
80
68
78
70
68
68
72
172
72
180
68
68
72
175
174
170
176
176
89
86
74
77
79
75
80
95
78
94
182
182
147
147
192
92
68
68
85
152
182
185
147
147
152
147
147
152
72
239
68
68
72
184
66
66
62
62
62
62
62
62
62
62
62
62
62
62
62
62
72
520
68
72
212
68
81
81
81
81
68
80
72
65
513
71
117
513
513
513
513
68
513
71
79
68
62
76
76
76
68
170
68
145
68
76
68
76
68
68
104
68
68
124
82
82
68
68
68
68
311
68
68
68
68
72
520
68
72
180
68
68
72
178
182
192
170
175
176
185
147
147
183
182
78
74
80
77
79
75
80
104
81
68
81
174
184
187
184
175
176
147
147
147
147
72
210
68
72
180
68
68
80
72
88
88
92
76
76
70
68
72
521
68
78
72
180
68
68
72
178
184
174
175
78
86
74
92
77
85
75
80
185
182
120
68
136
94
79
68
90
170
176
176
182
90
147
86
147
86
147
86
192
72
521
68
72
210
68
72
180
68
68
72
81
86
86
86
86
86
86
86
86
86
76
76
68
170
68
159
68
68
76
76
68
68
96
112
68
82
82
68
68
68
68
311
68
68
68
68
72
520
68
72
180
68
68
72
179
178
184
183
182
185
182
192
147
147
78
81
74
80
77
75
80
79
174
81
175
147
147
147
147
72
520
68
72
210
68
72
213
68
76
68
80
72
80
68
72
521
68
76
72
180
68
68
72
179
178
174
175
78
94
100
86
74
92
77
79
85
75
80
90
152
184
187
184
182
192
185
147
147
152
147
147
152
147
147
72
176
72
210
68
65
513
72
213
68
72
521
68
68
72
78
71
76
68
76
76
68
177
68
119
68
76
68
76
68
68
121
140
68
68
82
82
68
68
68
68
311
68
68
68
68
72
521
68
81
72
180
68
68
72
176
184
184
182
192
185
147
147
183
81
74
80
77
79
75
146
80
78
175
174
147
147
146
147
147
146
146
178
72
181
68
72
213
68
68
72
80
72
520
68
76
70
68
72
180
68
68
72
184
175
174
78
94
86
74
87
77
79
85
75
80
90
192
152
182
185
147
147
152
147
147
152
147
147
72
210
68
76
68
72
80
72
180
68
76
76
76
82
87
87
87
87
87
87
87
87
87
87
87
76
87
87
87
76
76
68
165
68
119
68
76
68
76
68
68
118
109
82
82
68
68
68
68
311
68
68
68
68
72
520
68
68
72
80
80
68
78
72
180
68
68
72
182
192
185
147
78
100
161
81
74
80
79
80
87
71
161
184
184
175
174
78
170
176
178
68
77
75
147
147
72
520
68
72
210
68
68
72
72
180
68
72
66
66
62
62
62
62
62
62
520
62
62
68
62
62
62
62
62
62
81
71
79
68
62
65
513
72
520
68
76
72
180
68
68
72
178
184
175
174
170
175
176
85
78
94
86
74
87
77
79
75
80
90
182
185
192
147
147
182
147
147
182
147
147
76
76
68
165
68
126
68
68
76
76
68
68
97
68
123
82
82
68
68
68
68
311
68
68
68
68
72
520
68
72
180
68
68
72
80
76
68
80
72
172
72
520
68
72
180
68
68
72
184
187
184
192
183
185
170
176
176
147
147
182
78
81
77
74
79
75
80
81
175
80
68
174
147
147
74
72
212
68
147
147
74
74
72
520
68
72
181
68
78
68
72
80
178
68
72
72
520
68
72
210
68
72
180
68
68
80
72
81
71
86
86
86
86
86
86
76
68
76
78
76
78
76
76
68
156
68
68
68
254
68
89
68
260
1358
68
95
68
76
76
68
123
68
121
68
76
68
76
68
68
108
68
93
82
68
82
68
68
68
311
68
68
68
68
72
76
68
68
520
68
72
180
68
68
72
178
178
175
174
89
94
86
87
77
79
85
75
80
90
74
192
81
182
185
68
78
147
78
94
182
147
94
182
147
94
184
184
72
520
68
72
181
68
72
213
68
76
68
80
72
80
68
72
520
68
76
72
180
68
68
72
179
192
183
185
147
147
184
182
81
74
80
77
79
75
80
78
175
147
147
80
147
147
80
80
174
72
181
68
72
180
68
68
72
78
78
78
78
71
76
76
76
68
152
68
132
68
125
68
76
75
68
76
68
68
76
68
106
68
116
68
138
84
68
870
68
68
73
126
126
126
126
126
439
126
68
68
68
68
68
68
68
68
68
72
93
72
91
72
72
66
66
71
174
126
126
72
62
62
62
62
72
92
62
62
105
72
71
99
119
72
62
68
70
126
69
126
126
126
92
109
103
565
573
71
80
73
70
109
83
71
573
572
572
565
572
80
80
73
73
79
72
89
64
1055
91
70
463
126
73
81
71
298
88
72
81
71
64
362
89
64
71
118
109
83
71
69
107
89
71
126
72
105
90
70
64
47
64
105
104
70
84
70
103
97
104
71
71
90
72
71
70
96
92
64
90
116
64
69
91
71
91
72
172
84
71
72
105
107
92
72
64
71
88
147
63
72
102
84
64
84
71
65
513
513
513
68
47
72
170
76
68
156
68
76
493
68
76
269
68
119
68
68
76
693
68
269
513
513
513
513
513
513
513
513
513
513
513
513
65
68
513
513
513
513
513
513
513
513
513
513
513
513
513
513
513
513
513
513
513
513
513
513
513
513
513
513
513
513
513
513
513
513
47
79
513
513
513
513
513
68
47
68
68
68
72
521
47
87
68
47
47
47
89
47
72
90
64
94
68
47
76
76
89
68
132
68
171
68
76
68
76
68
68
106
68
68
111
82
82
68
68
68
68
321
68
68
68
68
72
521
47
68
47
47
47
47
81
72
180
68
68
72
176
184
184
174
174
131
78
89
74
87
77
79
80
75
80
90
147
185
185
81
131
182
589
68
86
170
175
192
580
176
585
147
182
586
147
182
72
180
68
68
80
72
72
521
68
76
76
72
180
68
68
72
185
192
170
176
147
182
78
81
74
80
82
77
79
75
80
71
174
174
78
68
146
176
147
152
183
72
213
68
147
152
152
72
153
68
153
153
153
72
180
68
76
65
76
76
76
87
242
76
76
68
68
155
162
68
76
68
76
68
68
141
113
68
68
82
82
68
68
68
68
321
68
68
68
68
72
72
72
72
72
72
521
80
76
77
68
139
68
76
68
122
102
72
196
86
86
86
513
513
513
513
513
513
513
513
65
65
815
86
86
86
68
513
513
513
513
513
513
513
513
513
513
513
513
513
513
513
513
513
513
513
513
513
513
513
513
513
513
513
513
513
72
102
80
90
78
89
81
86
74
87
77
79
85
75
116
176
176
176
176
176
176
176
170
176
175
175
175
174
80
204
147
146
146
181
181
182
151
78
68
184
191
184
80
68
77
94
578
173
77
185
183
183
176
147
146
146
181
151
77
176
147
146
146
181
151
77
77
76
76
77
68
68
135
125
68
76
68
76
77
68
68
139
68
114
68
82
82
68
68
68
68
321
68
68
77
68
68
77
525
77
77
77
77
77
77
77
77
77
77
72
77
520
68
77
77
77
77
77
77
77
77
77
77
77
72
520
68
78
68
80
80
72
80
68
72
179
68
68
72
173
191
173
184
169
174
175
145
180
175
78
77
79
75
87
71
91
68
74
80
74
145
180
145
180
68
71
112
72
179
68
68
68
72
72
520
68
71
78
68
81
71
79
68
62
76
68
68
72
72
179
68
169
174
183
183
78
81
86
80
87
77
79
85
75
112
74
80
90
89
173
173
184
191
146
175
181
146
181
146
181
71
76
68
68
72
520
68
76
76
68
148
68
139
68
76
68
76
68
68
114
134
68
82
82
68
68
68
68
321
68
68
68
68
65
72
179
68
88
88
92
76
70
68
68
68
72
72
179
68
68
72
178
151
183
183
173
191
173
184
175
146
146
181
78
74
77
79
75
80
151
146
146
181
151
146
146
181
72
181
68
78
72
212
68
68
72
80
81
65
86
86
86
86
86
86
72
521
68
76
76
68
141
68
125
68
76
68
76
68
68
106
116
82
82
68
68
68
68
321
68
68
68
68
72
179
68
68
72
175
78
94
81
86
74
80
77
79
85
75
112
80
90
87
89
191
181
173
184
183
185
183
173
175
175
146
181
175
146
181
175
146
72
153
68
72
212
68
76
68
72
80
68
72
551
68
72
551
68
71
78
68
76
76
72
179
68
183
185
183
174
191
173
184
146
181
175
175
78
107
74
77
75
80
79
71
169
175
175
74
78
68
68
87
146
181
175
146
181
175
72
181
68
68
80
80
72
72
212
68
78
65
65
65
65
513
513
66
66
72
62
62
62
62
551
62
62
62
68
62
62
62
62
62
62
62
66
66
72
551
68
76
76
68
156
68
171
68
76
68
76
68
68
130
68
111
82
82
68
68
68
68
321
68
68
68
68
68
80
72
72
179
68
68
72
177
183
80
78
86
74
87
77
79
75
80
90
89
102
191
94
173
181
85
81
68
184
174
90
102
181
90
102
181
90
102
146
146
175
146
146
146
146
72
72
153
68
81
72
212
68
72
550
68
76
68
72
72
72
72
72
169
174
175
191
174
173
151
184
175
146
146
181
78
94
74
77
75
80
183
185
183
151
146
146
181
72
151
146
146
181
72
192
70
80
76
80
68
120
68
76
68
121
102
68
68
72
196
86
86
86
513
513
513
513
65
65
65
65
86
859
86
513
513
86
513
513
513
513
513
513
513
513
513
513
513
513
513
513
513
513
513
513
513
513
513
513
513
513
513
513
513
513
513
513
513
513
513
68
68
79
513
513
513
72
94
80
78
81
86
74
87
77
85
75
92
77
80
176
176
176
191
217
182
151
94
174
184
184
173
68
68
108
90
89
185
183
183
147
146
146
181
181
170
176
175
176
176
176
578
176
151
147
146
146
181
181
513
513
513
176
151
147
146
146
181
181
196
76
76
68
127
68
146
68
76
68
76
68
68
99
133
68
82
82
68
68
68
68
321
68
68
68
68
72
72
551
68
77
77
77
72
77
178
68
77
77
77
77
77
77
77
77
77
72
551
68
76
71
76
76
76
87
76
68
78
78
76
68
68
76
76
68
68
121
150
68
76
68
76
68
68
120
68
97
68
82
82
68
68
68
68
321
68
68
68
68
76
68
68
72
551
68
68
80
72
80
68
68
80
72
78
72
179
68
68
72
175
173
191
184
182
169
174
181
146
145
175
180
79
78
74
77
75
80
146
145
180
146
145
180
72
668
68
72
211
68
72
552
68
68
72
81
71
79
68
62
68
80
72
76
76
72
179
68
183
185
183
173
169
174
175
81
85
78
86
74
87
77
79
75
92
80
90
89
173
184
181
175
175
191
146
87
75
181
146
87
75
181
146
87
75
72
179
68
76
76
68
168
68
172
68
76
68
76
68
68
136
121
68
82
82
68
68
68
68
321
68
68
68
68
72
552
68
76
76
76
76
68
68
72
172
68
68
72
72
179
68
68
72
173
191
184
175
175
146
182
181
78
94
74
85
77
79
80
108
75
173
169
174
175
183
185
183
146
181
78
146
181
78
68
68
71
83
78
78
78
78
72
179
68
78
78
78
78
68
80
72
65
513
513
81
72
552
68
86
86
86
71
78
68
68
86
86
86
76
76
68
139
68
153
68
76
68
76
68
68
127
68
95
68
82
82
68
68
68
68
321
68
68
68
68
72
72
552
68
72
179
68
68
72
80
68
183
185
183
173
169
175
175
81
86
74
82
77
79
85
75
92
80
90
78
89
173
184
191
191
175
175
146
181
184
175
146
181
175
146
181
72
552
68
72
522
68
72
179
68
76
68
72
80
72
521
68
76
76
76
76
72
179
68
68
72
178
183
174
182
191
173
184
146
146
181
175
78
74
79
80
71
78
68
77
75
146
146
181
146
146
181
72
210
68
72
212
68
68
80
72
78
66
66
62
62
62
62
62
62
62
62
62
62
62
62
62
62
71
76
68
76
76
68
139
68
141
68
76
68
76
68
68
107
98
68
82
82
68
68
68
68
321
68
68
68
68
72
521
68
72
179
68
68
72
173
78
94
107
81
91
74
82
79
85
92
80
77
75
90
89
169
174
175
191
184
146
174
183
187
185
181
181
175
175
146
181
146
181
72
210
68
68
72
81
81
81
81
72
237
68
72
521
68
76
76
68
80
72
72
179
68
68
72
187
174
191
184
169
175
175
175
175
146
181
78
74
82
77
79
75
80
81
68
85
173
175
146
181
78
77
175
146
181
78
77
78
77
72
210
68
68
68
72
175
72
176
72
72
72
72
72
72
75
76
77
68
128
68
76
68
140
325
102
72
196
86
86
86
513
513
513
513
513
513
513
513
513
513
513
513
65
86
1040
86
86
1040
68
513
513
513
513
513
513
513
513
513
513
513
513
513
513
513
513
513
513
513
513
513
513
513
513
513
513
513
513
513
76
76
68
68
121
169
68
68
76
76
72
110
107
85
90
78
94
81
91
74
82
77
79
85
75
92
77
68
68
108
91
185
183
183
183
183
183
68
105
80
181
178
173
173
170
176
175
175
175
177
184
184
191
191
181
174
181
181
147
68
146
146
82
513
513
176
176
176
82
68
68
68
68
75
321
183
181
181
147
146
146
176
176
513
513
513
68
68
68
68
513
513
75
183
181
181
147
146
146
176
176
75
329
72
521
68
329
77
77
77
77
77
77
77
77
77
77
77
77
77
76
76
76
76
87
242
72
520
68
76
76
68
165
68
139
68
76
68
76
68
68
138
135
68
82
82
68
68
68
68
321
68
68
68
68
71
78
68
78
68
80
80
72
80
68
72
179
68
68
72
182
169
174
175
173
191
173
181
184
145
145
180
175
175
77
78
74
79
80
75
145
145
180
175
145
145
180
175
72
181
68
72
211
68
72
520
68
81
68
80
72
71
79
68
62
76
76
68
117
68
151
68
76
68
76
68
68
100
127
68
82
68
82
68
68
68
299
68
68
68
72
68
72
68
68
73
1220
68
68
72
248
68
68
68
68
68
72
68
72
72
179
68
72
72
179
68
183
183
78
81
91
74
85
82
77
79
85
80
75
90
94
92
181
175
191
184
173
173
146
146
181
183
146
146
181
72
520
68
183
146
146
181
68
68
72
68
68
72
76
68
68
72
68
68
72
72
520
68
68
68
72
68
68
72
68
68
72
68
68
72
72
179
68
80
72
68
68
72
68
68
72
68
68
72
72
520
68
76
76
68
68
143
163
68
68
68
76
76
68
72
68
68
120
68
140
82
82
68
68
68
68
68
68
72
321
68
68
68
68
68
68
72
68
68
72
68
68
72
68
68
72
68
68
72
68
68
72
68
68
72
68
68
72
68
68
72
68
68
72
88
88
68
92
68
72
68
68
72
82
82
76
68
330
68
68
68
68
68
68
68
68
68
68
68
68
68
68
68
68
68
68
68
68
68
68
68
68
68
68
68
68
68
68
68
68
72
68
68
72
68
68
68
68
68
68
72
92
76
306
606
95
68
88
88
871
76
68
156
68
68
254
88
68
306
606
871
68
68
68
68
68
68
68
68
871
871
871
871
871
72
179
68
173
191
173
184
175
146
146
181
107
77
78
74
82
79
75
80
110
169
174
175
183
146
146
146
146
72
520
68
80
72
179
68
78
68
68
72
65
81
70
68
71
86
86
86
86
76
86
86
68
68
78
78
76
68
68
76
76
68
167
68
127
68
76
68
76
68
68
102
68
94
68
82
82
68
68
68
68
321
68
68
68
68
76
68
68
72
179
68
68
72
178
183
183
85
78
94
81
74
82
77
79
85
75
80
90
94
173
181
184
81
146
146
68
91
92
173
191
175
178
183
181
146
146
183
181
146
146
72
181
68
68
72
72
212
68
76
68
80
72
80
68
72
556
68
72
556
68
68
72
76
72
179
68
68
72
184
174
191
173
182
175
146
146
184
183
78
77
79
75
94
68
68
74
80
146
146
146
146
72
555
68
72
210
68
68
72
177
72
72
239
68
80
72
211
68
78
68
72
66
66
72
62
62
62
62
556
62
62
68
62
62
62
62
62
62
62
62
76
76
68
133
68
169
68
76
68
76
68
68
116
68
125
68
82
82
68
68
68
68
321
68
68
68
68
72
179
68
68
72
181
117
81
91
85
85
74
82
77
79
75
92
80
90
115
173
175
169
175
177
184
81
174
146
191
78
68
115
146
115
146
115
183
184
72
210
68
72
211
68
71
78
68
81
81
68
80
72
71
76
76
68
168
68
123
68
76
75
68
68
76
126
68
97
85
72
85
68
73
68
72
906
73
73
67
67
141
141
141
141
336
216
141
141
71
64
63
72
72
62
62
62
62
141
68
68
69
71
141
72
72
62
62
119
68
119
72
72
68
72
62
70
141
70
141
105
109
91
573
573
71
72
109
90
70
79
80
571
573
571
573
573
63
90
70
107
90
72
79
81
79
73
73
465
141
71
73
87
73
47
67
67
47
68
72
68
72
47
79
67
67
47
47
81
72
556
68
72
72
67
67
47
68
72
84
68
63
119
47
47
47
68
71
76
76
68
176
68
165
68
76
75
68
76
68
118
68
135
68
85
68
68
72
85
68
68
72
73
906
68
73
73
67
67
145
145
145
145
335
216
145
145
68
70
145
68
71
70
145
71
72
62
62
62
62
72
62
62
119
72
72
145
72
145
72
91
571
573
68
68
81
80
68
573
565
573
573
565
68
80
68
81
73
68
80
81
464
68
81
81
145
68
68
79
67
67
71
72
72
119
72
72
72
72
68
72
72
71
72
62
62
62
62
72
62
62
119
72
72
72
72
67
67
68
68
71
72
72
119
72
72
72
72
72
67
67
71
72
62
68
72
68
72
119
66
66
72
62
62
62
62
62
72
72
72
71
72
72
119
72
72
72
67
67
72
72
76
72
71
72
62
62
62
72
119
66
66
62
72
62
62
72
72
67
67
72
80
71
72
62
62
62
62
72
62
62
119
72
72
72
72
67
67
72
72
71
72
72
119
72
72
72
67
67
72
72
68
68
72
68
68
71
72
62
62
62
62
72
62
62
119
72
72
72
67
67
72
80
71
72
72
119
72
72
72
72
67
67
68
68
72
72
71
72
62
72
119
66
66
72
62
62
62
62
62
72
72
72
67
67
72
68
68
72
71
72
62
62
72
119
66
66
72
62
62
62
62
72
72
67
67
72
67
67
80
80
72
72
67
67
72
68
68
72
67
67
67
67
80
72
68
80
72
67
67
72
72
72
68
72
84
68
63
119
72
179
68
68
72
175
174
191
173
182
184
175
175
146
146
183
183
77
78
99
74
79
75
80
181
78
175
146
146
181
175
146
146
181
72
181
68
72
212
68
65
513
68
80
72
76
76
76
76
72
556
68
76
76
68
127
68
143
68
76
68
76
68
68
139
68
96
82
82
68
68
68
68
321
68
68
68
68
68
80
80
72
80
68
68
78
78
78
78
72
179
68
68
72
184
81
86
85
82
77
80
75
78
74
79
80
90
92
182
191
173
146
146
184
174
92
146
146
92
146
146
71
112
72
92
552
68
182
72
210
68
72
212
68
68
72
72
557
68
81
71
79
68
68
62
72
179
68
68
72
181
174
191
173
182
184
146
175
77
75
78
74
79
80
112
169
175
146
77
72
146
77
77
76
76
72
179
68
71
76
68
72
557
68
76
76
68
68
123
175
68
76
68
76
68
68
137
68
131
82
137
82
68
68
68
68
321
68
68
68
68
71
78
68
76
68
68
72
72
179
68
68
72
169
175
175
78
99
86
74
85
79
75
92
80
90
77
71
191
173
181
175
175
104
146
81
68
68
82
80
174
175
146
80
72
557
68
146
80
80
184
72
557
68
72
179
68
72
557
68
78
70
68
65
513
68
80
72
81
86
86
86
86
86
86
86
86
86
72
179
68
68
72
86
191
173
181
174
182
175
169
175
175
146
184
78
74
77
75
80
71
78
78
79
68
146
79
72
557
68
146
79
76
76
68
122
68
142
68
76
68
76
68
68
108
68
139
82
82
68
68
68
68
321
79
68
68
68
68
68
80
72
181
72
211
68
68
72
80
68
72
522
68
76
68
72
72
522
68
72
179
68
68
72
81
86
74
85
82
77
80
75
92
80
78
79
71
174
182
191
104
173
175
68
107
68
99
90
169
175
181
90
146
146
80
184
146
146
68
71
112
146
146
72
181
68
76
72
179
68
68
80
71
76
76
68
136
68
154
68
76
68
76
75
68
68
101
125
85
72
85
68
68
72
73
906
73
73
67
67
150
150
150
150
337
216
150
155
70
68
155
68
72
64
68
155
68
71
72
66
66
72
119
62
62
62
62
62
62
72
72
72
119
72
89
573
565
68
68
81
79
565
573
573
571
565
68
80
81
68
68
80
79
81
463
68
68
79
81
68
80
68
71
72
72
119
72
72
72
72
67
67
71
72
62
62
62
62
72
62
62
119
72
72
68
72
72
72
72
72
67
67
71
72
72
119
72
72
72
72
72
522
68
68
68
71
72
62
62
62
62
72
62
62
119
72
72
72
72
67
67
72
72
71
72
72
119
72
72
72
72
67
67
71
72
62
62
62
62
72
62
62
119
72
72
72
72
72
72
67
67
71
72
72
119
72
72
72
72
72
67
67
68
68
72
68
68
71
72
62
62
62
62
72
119
62
62
72
72
72
72
67
67
72
72
71
72
66
66
72
119
62
62
62
62
62
62
72
72
72
72
67
67
68
68
71
72
72
119
72
72
72
72
72
67
67
72
68
68
71
72
62
62
62
62
72
119
62
62
72
72
72
72
67
67
78
72
68
68
72
71
72
62
62
62
62
72
119
62
62
72
72
72
72
67
67
72
80
72
67
67
67
67
68
72
68
68
72
67
67
80
72
67
67
72
67
67
72
72
67
67
72
522
68
72
67
67
68
68
72
67
67
72
72
67
67
80
72
67
67
68
68
72
67
67
67
72
72
67
67
80
72
67
67
72
67
67
67
72
72
67
67
80
72
67
67
72
67
67
67
72
68
68
72
72
179
67
67
68
181
174
191
173
175
175
169
175
175
184
146
77
75
78
74
82
79
80
110
183
183
68
68
71
112
175
175
146
78
71
112
72
527
68
175
175
146
72
67
67
68
68
72
67
67
72
175
72
67
67
67
67
80
72
72
67
67
77
77
76
56
612
72
72
56
56
56
82
82
76
68
480
68
68
68
68
