1213098.166
1215909.089
1216023.896
1216041.749
1216567.444
1216628.754
1216677.613
1216693.787
1216888.886
1217313.721
1217353.638
1217373.841
1217383.82
1217648.59
1217933.838
1217984.711
1217993.775
1218017.609
1218288.513
1218577.454
1218618.531
1218625
1218643.891
1267351.735
5107990.052
5110486.399
5110488.932
5110846.471
5110930.058
5110950.077
5111006.809
5111006.87
5111229.739
5111516.297
5111546.174
5111566.071
5111586.06
5111779.297
5112056.488
5112076.813
5112076.935
5112116.882
5112419.891
5112717.132
5112717.162
5112726.47
5112736.816
5138271.15
8709962.477
8710666.298
8710718.953
8712888.981
8714708.007
8716762.694
8716970.244
8717240.02
8722243.346
8725252.288
8727205.718
8727250.518
8728646.422
8729827.208
8730258.757
8730288.054
8732263.152
8734461.76
8734522.277
8735268.767
8737269.622
8738984.404
8739044.86
8739262.236
8739306.701
8739363.707
8739408.995
8739411.284
8741362.182
8742083.068
8742084.96
8742091.246
8742563.109
8742847.411
8742948.577
8743365.508
8744126.342
8744906.279
8745102.263
8745228.972
8745247.283
8745250.335
8746627.959
8747944.426
8748030.913
8749106.719
8749565.215
8749759.551
8752263.488
8753749.358
8754364.867
8755549.376
8755703.368
8755909.942
8757805.388
8759149.688
8759749.083
8761707.427
8761707.549
8797098.615
12312001.06
12312678.32
12312680.85
12314536.97
12315464.72
12316401.7
12317039.15
12317254.49
12318782.16
12320282.9
12320863.65
12322397.06
12322479.89
12322689.51
12327694.06
12328501.71
12330702.45
12330702.76
12330702.88
12332057.19
12332176.51
12332699.92
12335712.31
12336380
12336436.49
12336462.31
12336679.93
12336682.22
12339736.94
12340521.03
12341203.67
12341293.15
12342621.06
12342680.6
12342909.42
12346336.7
12347698.67
12349486.85
12351583.74
12354938.81
15913102.25
15913756.12
15913758.62
15914673.63
15915057.52
15915777.17
15915897.16
15916311.04
15917419.46
15917498.02
15917580.87
15917779.11
15917835.6
15917961.94
15918763.43
15918998.47
15919142
15919257.11
15919275.57
15919470.31
15920420.81
15921099.09
15921099.18
15921139.98
16028230.93
19514083.09
19514674.62
19514676.48
19515518.39
19515854.92
19516197.19
19516274.58
19516489.14
19517211.76
19517314.21
19517617.98
19517652.98
19517861.97
19518554.08
19518716.92
19518754.09
19519036.01
19519036.1
19519249.54
19519953.37
19520197.81
19520257.44
19520393.61
19713978.43
23115469.85
23118481.14
23118950.41
23118952.82
23119487.43
23119692.14
23119991.82
23120200.32
23121327.33
23121487.46
23121810.88
23122211.91
23122379.61
23123570.65
23124287.11
23124650.79
23125511.11
23125699.86
23127167.02
23127952.09
23128731.02
23129211.58
23304080.37
26716955.13
26719599.22
26719718.06
26719760.26
26720091.86
26720128.09
26720178.01
26720197.7
26720419.34
26720738.43
26720767.82
26720797.91
26720819.49
26721079.8
26721388.37
26721452
26721490.78
26721490.88
26721719.79
26722007.87
26722072.42
26722091.83
26747240.98
30317391.76
30320398.44
30320423.65
30320426.12
30320884.19
30320948.46
30320989.07
30321003.91
30321201.42
30321513.18
30321563.35
30321613.46
30321643.31
30321919.49
30326929.75
30329941.99
30331936.1
30334941.99
30337008.7
30337010.31
30339448.58
30339848.88
30339868.56
30339868.62
30339869.63
30339888.46
30339888.49
30339908.51
30340692.44
30340970.46
30340971.71
30340975.8
30341192.32
30341212.43
30341252.14
30341268.61
30341268.83
30341271.15
30341868.77
30342048.61
30342128.63
30342352.69
30342639.25
30343191.95
30343368.99
30343448.61
30343652.43
30343668.85
30354030.67
32653687.9
32656693.72
32658156.95
32658163.57
32659735.93
32660258.15
32660783.17
32661458.1
32661598.57
32661649.23
32662918.64
32663208.46
32663360.04
32663479.06
32663936.61
32663977.51
32664189.63
32665795.41
32666059.63
32666182.46
32666423.4
32666438.44
32666462.19
32666639.46
32668136.32
32668223.57
32668740.29
32668831.18
32672888.4
32916177.3
32916707.66
33919195.21
33922202.3
33922712.34
33922870.67
33922873.05
33923442.08
33923473.78
33923523.04
33923539.15
33923749.48
33923988.77
33923999.17
33924019.53
33924019.56
33924299.5
33924509.06
33924519.32
33924529.14
33924539.18
33924830.02
33925119.11
33925129.15
33925139.19
33925148.89
33949450.61
36683258.64
37521153.35
37522955.56
37523020.38
37524167.97
37524299.56
37524299.62
37524319.34
37524469.45
37524679.26
37524699.28
37524719.3
37524739.53
37525069.46
37525269.68
37525289.89
37525289.92
37525299.26
37525561.92
37525764.86
37525769.53
37525769.68
37525779.33
37525792.57
37551419.58
41122980.63
41124738.66
41124779.18
41126038.61
41126038.67
41126158.66
41126158.73
41126422.7
41126624.42
41126654.12
41126674.07
41126684.02
41126862.61
41127064.15
41127074.07
41127084.29
41127094.36
41127094.39
41127362.09
41127565.46
41127584.41
41127594.18
41276132.03
44723932.13
44725719.49
44725721.54
44726852.97
44726933.29
44726983.31
44727038.94
44727250.95
44727463.17
44727483.46
44727483.52
44727503.18
44727662.17
44727873.32
44727883.73
44727893.31
44727923.62
44728110.75
44728323.33
44728333.47
44728353.39
44728353.42
44755449.91
48324962.94
48327488.78
48327491.1
48327739.02
48327819.31
48327865.3
48327898.11
48328100.04
48328315.13
48328335.18
48328356.48
48328375.22
48328591.4
48328795.44
48328815.98
48328816.13
48328835.18
48328999.63
48329205.44
48329225.22
48329245.03
48355518.87
51925957.93
51927709.72
51927712.01
51928896.06
51928987.34
51929036.38
51929052.74
51929239.87
51929452.52
51929482.79
51929492.43
51929512.42
51929761.75
51929962.77
51929973.08
51929982.97
51930002.84
51930219.54
51930422.76
51930433.84
51930433.9
51930472.81
51930472.9
51957619.17
55526965.01
55528707.68
55528708.97
55529946.97
55530013.49
55530063.48
55530087.16
55530280.4
55530483.03
55530493.32
55530513.22
55530513.25
55530670.11
55530877.29
55530885.86
55530885.99
55530893.13
55531099.37
55531304.75
55531304.84
55531313.2
55531323.15
55558511.82
59128017.93
59130534.13
59130600.96
59130994.02
59131064.73
59131108.43
59131108.52
59131488.47
59131704.56
59131724.31
59131734.47
59131754.33
59131929.75
59132145.23
59132154.66
59132154.79
59132165.04
59132418.73
59132634.92
59132644.78
59132644.87
59132654.42
59132654.54
59158167.47
62730273.19
62731979.12
62732068.93
62733236.51
62733317.84
62733336.79
62733386.87
62733629.88
62733836.61
62733856.63
62733866.61
62733896.85
62734090.15
62734298.7
62734321.47
62734328.25
62734362.36
62734570.04
62734776.73
62734796.84
62734830.53
62734837.16
62840513.87
66332367.45
66334031.85
66334033.93
66337274.9
66337372.71
66337418.76
66337435.88
66337641.9
66337874.57
66337904.94
66337948.79
66338249.51
66340673.31
66340773.13
66340782.35
66340842.99
66341072.14
66341322.63
66341342.5
66341362.33
66341382.44
66578092.12
69934036.54
69935776.98
69935783.39
69936910.16
69936990.64
69937055.06
69937070.23
69937269.69
69937490.36
69937520.69
69937540.47
69937550.33
69937802.83
69938021.48
69938030.64
69938040.28
69938050.45
69938249.39
69938470.37
69938480.5
69938490.54
69965494.43
73535959.85
73538501.47
73538503.73
73538991.49
73539042.51
73539089.15
73539097.72
73539279.21
73539547.76
73539578.58
73539608.12
73539617.86
73539980.47
73542142.12
73542160.06
73542167.97
73542178.16
73542359.62
73542948.21
73542968.14
73542978.15
73566241.8
77138125.83
77140629.19
77140633.4
77141069.43
77141119.3
77141169.25
77141189.33
77141478.73
77141729.16
77141749.39
77141759.31
77141778.99
77142048.86
77142334.08
77142349.76
77142361.08
77142383
77142588.84
77142869.32
77142889.68
77142909.82
77142909.91
77168436.6
80738997.04
80741664.74
80741668.04
80742126.77
80742175.02
80742224.95
80742244.63
80742431.98
80742685.61
80742705.02
80742714.84
80742714.88
80742893.25
80743185.03
80743205.32
80743205.41
80743235.11
80743479.86
80743724.61
80743735.05
80743745.12
80743755.04
80769317.37
84340980.6
84343588.39
84343709.18
84344278.23
84344358.28
84344398.26
84344428.26
84344649.48
84344908.11
84344929.05
84344929.14
84344958.83
84345182.01
84345508.61
84345528.78
84345528.99
84345538.36
84345799.99
84346422.36
84346442.35
84346454.71
84346458.37
84372052.01
87943245.12
87945045.01
87945364.64
87945418.96
87947155.73
87947231.78
87947281.86
87947298.22
87947489.93
87947858.12
87947878.17
87947888.79
87947918.15
87948153.59
87948378.2
87948388.18
87948398.28
87948408.17
87948408.26
87948729.92
87949058.47
87949068.21
87949082
87949093.87
87973511.45
91544380.93
91546849.92
91546910.4
91547254.55
91547290.01
91547340.18
91547369.94
91547599.27
91547870.3
91547890.01
91547900.39
91547910.28
91548139.13
91548380.06
91548399.99
91548410
91548419.98
91548719.54
91549170.35
91549190.28
91549200.19
91549209.99

