3732031.372
3734620.606
3734855.896
3734857.727
3735145.905
3735195.648
3735225.891
3735909.912
3736155.914
3736163.147
3736269.226
3736845.886
3736944.336
3736944.702
3737165.65
7337346.885
7340349.578
7341339.654
7341341.546
7341919.609
7342099.632
7342279.838
7342929.71
7343339.591
7343407.676
7343930.778
7345339.622
7345803.58
7345804.282
7346092.643
10946379
10949001.23
10949003.18
10949342.93
10949391.48
10949421.05
10950081.2
10950361.14
10950377.8
10950467.89
10950861.6
10951134.33
10951140.5
10951381.25
14552795.96
14555721.95
14555723.72
14556051.96
14556091.97
14556131.95
14556791.92
14557441.98
14557448.63
14557867.57
14558621.82
14558630.91
14558631.58
14558891.93
18159325.6
18162329.96
18168349.94
18168561.48
18168563.41
18168884.79
18169151.69
18169171.23
18169897
18170181.05
18170199.58
18170298.36
18171481.19
18171726.01
18171740.29
18171951.16
21772344.02
21775349.88
21776306.94
21776308.71
21776887.32
21777287.35
21777307.24
21777997.03
21778467.28
21778484.03
21779146.9
21805344.72
21805721.55
21805722.22
21815723.45
25406342.71
25409349.52
25410639.58
25410641.44
25411219.66
25411399.62
25411579.52
25411847.65
25412299.61
25412561.82
25412762.32
25413999.63
25414224.81
25414225.18
25414599.39
29014342.1
29016949.59
29016951.48
29017239.72
29017279.63
29017309.97
29017911.49
29018169.7
29018185.75
29018306.08
29018710.14
29018729.73
29018762.63
29018959.47
32619367.04
32622369.9
32623126.31
32623130.7
32623746.33
32623927.09
32624106.13
32624754.3
32625206.53
32625221.31
32625861.75
32627206.47
32627234.15
32627236.59
32627826.16
36227520.6
36231400.14
36231783.04
36231791.44
36232403.16
36232603.42
36232762.99
36233391.2
36233823.02
36233835.93
36234086.45
36235102.96
36235328.12
36235350
36235663.05
39835353.44
39838057.07
39838058.96
39838347.29
39838387.11
39838416.96
39839106.9
39839336.97
39839350.03
39839432.12
39840006.95
39840014.06
39840014.73
39840247.12
43440325.17
43443113.89
43443118.23
43443403.87
43443443.69
43443475.34
43444122.22
43444353.84
43444371.54
43444452.26
43445033.71
43445121.3
43445121.64
43445343.38
47045345.54
47048349.58
47050176.6
47050178.43
47050456.44
47050506.86
47050537.71
47051047.17
47051266.69
47056432.36
47058848.62
47059395.77
47059626.58
47059639.98
47059845.85
50659606.23
50662609.95
50668619.96
50679606.71
50679608.48
50680770.65
50681588.34
50689916.13
50690570.79
50691016.04
50691023.86
50691280.72
50692476.16
50692685.66
50692700.25
50693172.87
54293348.29
54295913.89
54295915.72
54296193.79
54296233.95
54296264.16
54296886.74
54297123.86
54297140.53
54297221.06
54297573.94
54297815.94
54297840.23
54298053.67
57898356.49
57900934.91
57900936.65
57901224.92
57901265.05
57901314.88
57901987.42
57902224.91
57902241.57
57902343.44
57902734.76
57902761.01
57902761.68
57902994.68
61503399.83
61506003.42
61506005.19
61506283.63
61506323.73
61506354.77
61507081.05
61507323.45
61507341.55
61507429.65
61507813.56
61508134.88
61508150.35
61508363.18
65108331.52
65111071.87
65111073.64
65111341.83
65111382.32
65111412.26
65112040.31
65112261.77
65112278.28
65112354.52
65112911.86
65113125.08
65113139.92
65113401.79
68713329.5
68716044.9
68716046.63
68716323.58
68716373.9
68716394.96
68717096.52
68717333.61
68717452.97
68717540.22
68718193.6
68718256.46
68718257.01
68718483.76
72318432.12
72319190.78
72319195.15
72321169.98
72322249.99
72323809.78
72324546.41
72325808.46
72325885.31
72326880.3
72330229.67
72330250.88
72330251.52
72330950.16
75930332
75931347.07
75931361.32
75936165.82
75937725.3
75939968.31
75940734.82
75942266.41
75942443.6
75943488
75946688.25
75946706.2
75946706.87
75947293.14
79546716.7
79549320.22
79549322.02
79549609.8
79549661.59
79549689.85
79550318.81
79550559.84
79550697.62
79550786.52
79551460.23
79551492.76
79551493.4
79551731.04
83151797.18
83154802.12
83160819.94
83162577.17
83162578.94
83164095.75
83164755.7
83165218.19
83165900.96
83167035.27
83167252.25
83167936.76
83169795.43
83170251.73
83170253.07
83170552.88
86770376.65
86773113.96
86773222.6
86774354
86774394.22
86774423.97
86775126.98
86775804.28
86776052.7
86776182.61
86776674.06
86776692.19
86776692.83
86777304.1
90376703.55
90379709.93
90380214.87
90380216.67
90380795.07
90380975.09
90381154.93
90381881.95
90382434.87
90382451.68
90383117.15
90384455.04
90384745.87
90384746.42
90385154.65
93985407.21
93988804.13
93989040.25
93989042.32
93989380.33
93989420.28
93989460.56
93990249.96
93990500.33
93990509.09
93990633.87
93991000.24
93991216.06
93991229.91
93991460.01
97559663.04
97561961.88
97561971.64
97562262.57
97562272.33
97562291.96
97562905.66
97563151.88
97563188.71
97563278.01
97563662.16
97563674.37
97563687
97563912.04
101163706.4
101166491.4
101166493.1
101166831.6
101166868.1
101166901.7
101167557.2
101167841.6
101167902.9
101167984.9
101168601.5
101168620.3
101168621
101169203.7
104769774.3
104772780
104778435.7
104778437.5
104779015.2
104779194.7
104779374.6
104780059.1
104780474.6
104780493.4
104780702
104781574.6
104781604.1
104781607.5
104781610.3
104781876.7
104781954.6
104782195
104782199.1
104782753.5
104782943.2
104783123.2
104783143
104783368.4
104783802.7
104783932.6
104784714
104784714.5
104784715
104785582.6
104785584.4
104785598.2

