0
21640
38304
41042
64920
95979
95989
96280
96860
97039
97527
97716
97721
97986
97995
98045
98086
98152
98346
98382
98796
98863
98863
99046
99046
99046
164705
164707
167071
167091
167130
167351
167352
169765
170001
170280
171782
171941
191886
191889
191889
191892
193897
193898
193898
194224
194236
194345
194346
194454
194476
194527
194694
194962
194962
194963
195136
211396
211397
211430
211491
211497
211630
211711
216500
226720
247160
288040
288297
289450
295188
357844
358324
358324
358854
359340
360375
402483
402501
451381
451390
451601
451602
515164
515167
515190
515541
515546
516478
516548
574674
577073
579047
579123
579133
635440
636590
636848
764932
764935
767635
767680
768735
768805
769025
769025
770034
770755
771030
835392
835401
835408
835412
1051939
1051949
1052179
1052179
1052897
1052940
1053138
1053146
1053147
1053479
1053479
1053499
1053504
1193251
1195257
1236211
1238069
1269012
1271294
1271627
1271642
1272157
1272207
1272237
1272507
1272903
1273527
1273732
1274467
1274820
1277000
1277277
1277552
1277570
1277797
1277804
1278077
1278098
1278117
1278387
1278484
1279137
1279200
1280478
1280640
1281247
1281354
1281355
1281647
1281685
1312773
1315471
1365203
1365205
1367503
1367550
1367563
1367783
1367784
1370297
1370523
1371120
1375057
1380058
1382612
1382802
1382804
1382861
1383023
1383071
1383121
1383145
1383161
1383311
1383320
1383421
1383611
1383641
1383651
1383662
1383663
1383671
1383931
1384131
1384141
1384152
1384152
1384152
1384161
1384311
1384512
1384512
1384521
1384531
1384531
1384531
1384780
1387710
1391426
1393560
1405280
1428680
1475480
1651585
1651803
1651804
1666883
1669055
1669194
1669195
1669506
1669519
1669526
1669555
1669576
1669594
1669614
1669624
1669634
1669634
1715649
1717481
1965425
1965427
1968105
1968135
1968170
1968395
1968396
1970511
1970745
1971030
2035646
2035657
2035663
2035666
2251256
2251485
2251485
2259169
2260872
2439119
2441727
2450570
2452972
2564661
2564663
2567380
2567430
2567740
2567770
2567980
2567981
2569743
2569980
2570250
2854624
2854854
2854855
2856746
2856884
3164945
3164947
3167641
3167660
3167700
3167920
3167921
3170035
3170250
3170500
3233217
3233233
3233247
3233377
3448834
3449274
3449275
3466974
3469182
3470101
3470103
3470301
3470304
3470351
3470401
3470401
3470421
3470441
3470471
3470491
3470500
3470500
3589732
3591802
3698985
3698986
3701194
3701254
3701381
3701387
3701531
3701537
3701701
3701731
3701752
3701752
3701801
3701811
3701821
3701821
3701988
3702012
3702222
3702256
3702282
3702353
3702621
3702650
3702672
3702673
3702681
3702681
3702982
3702982
3702982
3703011
3703011
3703031
3703641
3704882
3765159
3765161
3767423
3767432
3767470
3767682
3767683
3770246
3770462
3770720
3791920
3791920
3791920
3793923
3793923
3793923
3795898
3797546
3797547
3940904
3943443
3958896
3959356
3959357
3959906
3960400
3961397
3994744
3996556
4049175
4049615
4049615
4365375
4365377
4367830
4368278
4368288
4368330
4368578
4368788
4368789
4370449
4370708
4370960
4397346
4399149
4433629
4433647
4433659
4433739
4651359
4651369
4651599
4651600
4652864
4652953
4653160
4653167
4653168
4653630
4653630
4653681
4653697
4734374
4736155
4873621
4964641
4964643
4967086
4967096
4967130
4967446
4967696
4967697
4969709
4969946
4970200
4975087
4977178
4977346
4977348
4977416
4977536
4977596
4977650
4977676
4977696
4977786
4977840
4977921
4978107
4978116
4978126
4978136
4978136
4978136
4978320
4978451
4978626
4978636
4978646
4978656
4978656
4978656
4978953
4979136
4979136
4979148
4979156
4979166
4979167
4979290
4981200
4985050
4986680
4987131
4992760
5008160
5039000
5140611
5143690
5249117
5249265
5249566
5249716
5250186
5250696
5250717
5250718
5267004
5269143
5269191
5269193
5269441
5269453
5269481
5269491
5269521
5269541
5269561
5269571
5269591
5505762
5508494
5510324
5510563
5525431
5544052
5546687
5565459
5565462
5568078
5568108
5568118
5568338
5568339
5570550
5570798
5571050
5591847
5593731
5594191
5595350
5623484
5625161
5633101
5633118
5633130
5634049
5806455
5806456
5808462
5808463
5809053
5809053
5809054
5809054
5809192
5809193
5809412
5809452
5809776
5809822
5810133
5810233
5810513
5810623
5851370
5851380
5852980
5852981
5872896
5876553
6165360
6165363
6168231
6168280
6168530
6168570
6168780
6168781
6170438
6170650
6171330
6279298
6285560
6286571
6286576
6288087
6288097
6288257
6288257
6288258
6288267
6288387
6288446
6288571
6451620
6452460
6452460
6693486
6693840
6694560
6696000
6696165
6764607
6764609
6766847
6766876
6766920
6767206
6767446
6767447
6769707
6769916
6770160
7011569
7013379
7013740
7048729
7049169
7049170
7066889
7069099
7072100
7078092
7078093
7078112
7078112
7078122
7078141
7078302
7078312
7078352
7078402
7078421
7078441
7078461
7078491
7078501
7078502
7302824
7305192
7305402
7305409
7305589
7305595
7305829
7305829
7305884
7305899
7305981
7306260
7306311
7306729
7306782
7306782
7307050
7307050
7307050
7307739
7364866
7364868
7367178
7367207
7367250
7367468
7367468
7369928
7370137
7370390
7391884
7391890
7391890
7393894
7393894
7393894
7394684
7394685
7394836
7394887
7394942
7395183
7395184
7395289
7395568
7408183
7410188
7415656
7417434
7418204
7468613
7469062
7469063
7469593
7470090
7471078
7490392
7490407
7490422
7648450
7648890
7648890
7894730
7897498
7965078
7965080
7967362
7967392
7967440
7967652
7967652
7970163
7970362
7970610
8151023
8155990
8157001
8251944
8252164
8252164
8252896
8252954
8253144
8253152
8253153
8253544
8253544
8253594
8253613
8561929
8564681
8565356
8565358
8565531
8565571
8565610
8565841
8565841
8570452
8570671
8571500
8575121
8575241
8575421
8575422
8575470
8575960
8576451
8576531
8576581
8576621
8576641
8576721
8576790
8576861
8577041
8577051
8577061
8577061
8577071
8577071
8577230
8577281
8577462
8577462
8577471
8577481
8577482
8577482
8577671
8577851
8577851
8577861
8577861
8577871
8577871
8578110
8579870
8583400
8584550
8584746
8590460
8604560
8632760
8691329
8691339
8691345
8691349
8691369
8850868
8850877
8851088
8851089
8866886
8869172
8869221
8869222
8869461
8869461
8869464
8869511
8869540
8869550
8869570
8869591
8869620
8985424
8988065
8989093
9091445
9094074
9164618
9164620
9166510
9167040
9167060
9167090
9167310
9167311
9169721
9169960
9172740
9290679
9294441
9451176
9451405
9451406
9696798
9698609
9764838
9764841
9767141
9767171
9767210
9767421
9767422
9769934
9770152
9770420
9890829
9890839
9890845
9890849
10048434
10048874
10048875
10292809
10296107
10365104
10365106
10367338
10367368
10367410
10367628
10367629
10370188
10370389
10370620
10431628
10433448
10651156
10651236
10651566
10651567
10666885
10668092
10669081
10669090
10669140
10669141
10669340
10669348
10669390
10669450
10669470
10669480
10669521
10669534
10669550
10669550
10835746
10838317
10906835
10909349
10909577
10909582
10909906
10909956
10909996
10910006
10910091
10910326
10910357
10910680
10910724
10910725
10910947
10910947
10910956
10911717
10965347
10965349
10967692
10967740
10968012
10968047
10968282
10968284
10970452
10970662
10972870
10991862
10991863
10991863
10991864
10993871
10993871
10993871
10994452
10994522
10994529
10994713
10994739
10994979
10998362
10998599
10998819
11090866
11090876
11090882
11090886
11160544
11160794
11160794
11161044
11161280
11161494
11250740
11251170
11251170
11316555
11316558
11317770
11318561
11318743
11318860
11318863
11320210
11325100
11334880
11354440
11393560
11430824
11430835
11431130
11431730
11492114
11493932
11543496
11543499
11543520
11543832
11543838
11544883
11544973
11546230
11551700
11562640
11564610
11564612
11565011
11565070
11565081
11565921
11566340
11566701
11566921
11566921
11569683
11569891
11570140
11571849
11571971
11584520
11597027
11599900
11600130
11628280
11663770
11665000
11665270
11848677
11849117
11849117
11852895
11857898
11859578
11860017
11860025
11860026
11861196
11861196
11861246
11861282
11973001
11974855
12164872
12164874
12167547
12167587
12167620
12167843
12167844
12169953
12170167
12170410
12175243
12175338
12175527
12175531
12175607
12175777
12175827
12175887
12175907
12175907
12175918
12176067
12176110
12176181
12176417
12176427
12176437
12176447
12176457
12176458
12176731
12176927
12176937
12176937
12176948
12176948
12176957
12177260
12177484
12177667
12177678
12177678
12177687
12177687
12177697
12179560
12184170
12184200
12193400
12211840
12248760
12290281
12290287
12290310
12290530
12349114
12350769
12448359
12448798
12448798
12449358
12449860
12450318
12450338
12452339
12466883
12469170
12469659
12469661
12469869
12469929
12469942
12469969
12469999
12470018
12470048
12470068
12470079
12470089
12470089
12694965
12697571
12705741
12707634
12708724
12709164
12710672
12711044
12725783
12764794
12764796
12767080
12767110
12767110
12767340
12767341
12769851
12770080
12770360
13005799
13005800
13007622
13007622
13007623
13007623
13007800
13007801
13008101
13008672
13008958
13009098
13009221
13009487
13009598
13009881
13050236
13050246
13050457
13050457
13113821
13116484
13365438
13365441
13368123
13368154
13368190
13368408
13368409
13370519
13370734
13370980
13490372
13490387
13490402
13490442
13650835
13651045
13651055
13651055
13850376
13852994
13955739
13958332
13964683
13964684
13965415
13965470
13965505
13966382
13966612
13966613
13969773
13969992
13970260
14030798
14033291
14250419
14250619
14250619
14257833
14259571
14266937
14269373
14269442
14269443
14269794
14269806
14269823
14269823
14269842
14269872
14269882
14269893
14269902
14510767
14512479
14512897
14512902
14513968
14514018
14514059
14514068
14514152
14514340
14514530
14514888
14514943
14514944
14515129
14515129
14515129
14564961
14564963
14567229
14567259
14567300
14567519
14567520
14570032
14570239
14570480
14591878
14591879
14591879
14593885
14593886
14593886
14597893
14597894
14597894
14600099
14600186
14600187
14600268
14600457
14600618
14600618
14600670
14600948
14663087
14664875
14690324
14690340
14690354
14690625
14728114
14728594
14728594
14729124
14729640
14730629
14848432
14848872
14848873
14991375
14993220
15165169
15165171
15167390
15167591
15167620
15167660
15167880
15167881
15170237
15170470
15170720
15395389
15397234
15448074
15448533
15448534
15452909
15454645
15455063
15455070
15455071
15456257
15456308
15456322
15713319
15715110
15765414
15765416
15767774
15767794
15767830
15768044
15768045
15770504
15770714
15770990
15775235
15777486
15777694
15777697
15777794
15777954
15778005
15778054
15778074
15778074
15778094
15778250
15778331
15778514
15778524
15778545
15778545
15778554
15778564
15778740
15778821
15779096
15779096
15779096
15779096
15779096
15779097
15779564
15779720
15779784
15779784
15779794
15779805
15779814
15779814
15781680
15785610
15787130
15787339
15793480
15799366
15801249
15809200
15840600
15890228
15890244
15890257
15891064
16048355
16048805
16048805
16066883
16069124
16069172
16069174
16069412
16069451
16069453
16069462
16069491
16069511
16069541
16069561
16069571
16131686
16133513
16364634
16364635
16366949
16366969
16367000
16367219
16367220
16369728
16369939
16370620
16391863
16393780
16394250
16395343
16537762
16540181
16648016
16648476
16648477
16940443
16942342
16964912
16964914
16967193
16967202
16967240
16967462
16967463
16969973
16970183
16970850
17091787
17091797
17091802
17091807
17247717
17248178
17248178
17270604
17272457
17395162
17396906
17565215
17565217
17567500
17567500
17567550
17567770
17567770
17570279
17570490
17571160
17673719
17675702
17849639
17849659
17850149
17850150
17866894
17869113
17869180
17869182
17869590
17869596
17869640
17869640
17869680
17869700
17869730
17869750
17869760
18077249
18079096
18115012
18117502
18117750
18117755
18118040
18118090
18118120
18118120
18118209
18118460
18118496
18118870
18118934
18118935
18119170
18119170
18119170
18165477
18165479
18168450
18168760
18168781
18168830
18169162
18170202
18170511
18170568
18171382
18171751
18171991
18191917
18191917
18191918
18193923
18193924
18193924
18194304
18194425
18194504
18237773
18238263
18238269
18239263
18239760
18240756
18291778
18291788
18291793
18291798
18410739
18413275
18447740
18448180
18448181
18473349
18475357
18475426
18764756
18764758
18767159
18767179
18767210
18767429
18767430
18769838
18770069
18770340
18817319
18819146
19050152
19050162
19050372
19050373
19052903
19052973
19053182
19053186
19053187
19053532
19053533
19053572
19053588
19076938
19079417
19223369
19225972
19365004
19365006
19367292
19367312
19367350
19367572
19367572
19370077
19370292
19370960
19375337
19377474
19377652
19377654
19377732
19377863
19377952
19378002
19378042
19378062
19378062
19378112
19378210
19378252
19378252
19378291
19378482
19378492
19378502
19378512
19378512
19378512
19378770
19378771
19378962
19378962
19378975
19378983
19378983
19378983
19379221
19379423
19379423
19379423
19379423
19379423
19379423
19379890
19382130
19386620
19392177
19392177
19392187
19392197
19395600
19413560
19449480
19490195
19490213
19490225
19490265
19552442
19554234
19647683
19648143
19648143
19666887
19669220
19669677
19669679
19669958
19669969
19669979
19669998
19670027
19670047
19670057
19670067
19670077
19670077
19906134
19908894
19909250
19909454
19925769
19958855
19961436
19964809
19964811
19965146
19965155
19965165
19965525
19965775
19965776
19969892
19970095
19970360
20205808
20205809
20207813
20207814
20208504
20208505
20208505
20208506
20208615
20208615
20208917
20208974
20209343
20209423
20209744
20209885
20210167
20210354
20250335
20250345
20250575
20250575
20364143
20367355
20565007
20565009
20567627
20567647
20567680
20567912
20567913
20570072
20570307
20570570
20690692
20690702
20690708
20690712
20759442
20762017
20849803
20850043
20850043
21094010
21095912
21165227
21165229
21167447
21167477
21167510
21167727
21167728
21170287
21170558
21170810
21450350
21450640
21450641
21466882
21469085
21469133
21469135
21469373
21469376
21469413
21469423
21469453
21469473
21469503
21469524
21469537
21496711
21498566
21718976
21720763
21721232
21721238
21722640
21722811
21722881
21722921
21722932
21723018
21723252
21723292
21723591
21723668
21723669
21723902
21723902
21723902
21765471
21765473
21768034
21768055
21768090
21768306
21768307
21770570
21770775
21771020
21791864
21791866
21791867
21791867
21793870
21793870
21793870
21794236
21794261
21794390
21794390
21794447
21794468
21794588
21794688
21794810
21794811
21794812
21794964
21808211
21810217
21829632
21831411
21890220
21890235
21890250
21890350
21901560
21902040
21902040
21902600
21903090
21904037
21975519
21977829
21978088
21978203
21978487
21978888
21978897
21978898
21978913
21979208
21979581
22047587
22048047
22048048
22291460
22293817
22345015
22345018
22346210
22347021
22349022
22349519
22349534
22349540
22349670
22349674
22364688
22364689
22366986
22367016
22367060
22367276
22367276
22369784
22369996
22370260
22442050
22443772
22463872
22463882
22463892
22578638
22578689
22578694
22578777
22578779
22578868
22578948
22579024
22579308
22579562
22579858
22581810
22588060
22600560
22625560
22647328
22647768
22647769
22652898
22654662
22655088
22655091
22655091
22656603
22656604
22656654
22656669
22675640
22695528
22697690
22699000
22699247
22699380
22699798
22964959
22964961
22967590
22967620
22967660
22967885
22967886
22970043
22970250
22970510
22970693
22970840
22975286
22975381
22975570
22975573
22975620
22975930
22976001
22976051
22976080
22976100
22976100
22976280
22976351
22976531
22976551
22976562
22976571
22976581
22976581
22976740
22976844
22977041
22977051
22977070
22977080
22977090
22977090
22977251
22977450
22977461
22977461
22977471
22977480
22977480
22977660
22979500
22983190
22984270
22990560
23005320
23034840
23090212
23090235
23090241
23090271
23247669
23248399
23248400
23266886
23269188
23269236
23269238
23269446
23269449
23269496
23269546
23269566
23269586
23269616
23269636
23269646
23269646
23494212
23497390
23565176
23565178
23568450
23568716
23568745
23568790
23569006
23569006
23570273
23570506
23570750
23849693
23849713
23849894
23849894
23854280
23902409
23904979
24110421
24113089
24123803
24125616
24165426
24165427
24167835
24167880
24167965
24168195
24168435
24168435
24170494
24170705
24170950
24292419
24292429
24292435
24292439
24292449
24450010
24450910
24450911
24696949
24701950
24702223
24764652
24764655
24767141
24767151
24767190
24767421
24767840
24767841
24769748
24769971
24770260
25049641
25058152
25058153
25066903
25069226
25069413
25069436
25069714
25069725
25069743
25069744
25069764
25069793
25069804
25069815
25069824
25103176
25112244
25112250
25113200
25114525
25114535
25114535
25114545
25114665
25114743
25114855
25252893
25253220
25253880
25255200
25257850
25259392
25259394
25262400
25263140
25265249
25265269
25265589
25268420
25268739
25268743
25269259
25269321
25270730
25270738
25323707
25325461
25325888
25325894
25327150
25327534
25327585
25327604
25327604
25327755
25327954
25327973
25328390
25328416
25328416
25328604
25328604
25328604
25364881
25364883
25367342
25367362
25367400
25367631
25367632
25369942
25370161
25370610
25391917
25391917
25391917
25393923
25393923
25393924
25394347
25394347
25394527
25440080
25441841
25441842
25442430
25442680
25442900
25650040
25650830
25650831
25672411
25674493
25805645
25807471
25965184
25965186
25967900
25967946
25967976
25968020
25968236
25968236
25970246
25970456
25970700
26079551
26081377
26247304
26247755
26247755
26252905
26254629
26255065
26255072
26255072
26256390
26256822
26256822
26256872
26256886
26394088
26395852
26475286
26475295
26475303
26475306
26565437
26565439
26568033
26568052
26568090
26568312
26568312
26570522
26570732
26571000
26575314
26575482
26575671
26575674
26575721
26576052
26576132
26576182
26576232
26576252
26576252
26576451
26576580
26576681
26576882
26576892
26576902
26576913
26576922
26576922
26577090
26577253
26577463
26577473
26577482
26577482
26577492
26577492
26577652
26578022
26578032
26578042
26578052
26578052
26578110
26578361
26578541
26578721
26578721
26580150
26584240
26585869
26592420
26608760
26641480
26847516
26847956
26847956
26849362
26849786
26850300
26850795
26850817
26850817
26852822
26852823
26866895
26869055
26869104
26869131
26869380
26869565
26869854
26869860
26869906
26869954
26869974
26869994
26870024
26870044
26870054
26870054
26878213
26880045
27106571
27108522
27111652
27112092
27125959
27164972
27164974
27167237
27167267
27167277
27167538
27167538
27170048
27170278
27170560
27191856
27193810
27195290
27196419
27283055
27286983
27405973
27405974
27407981
27407981
27408661
27408661
27408662
27408662
27409421
27409422
27413686
27413686
27418694
27418695
27423701
27423701
27428708
27428709
27449751
27449760
27460862
27460862
27487503
27490078
27529694
27532953
27673661
27673671
27673678
27673680
27764877
27764879
27767737
27767757
27767790
27768097
27768387
27768388
27769947
27770187
27770470
28049126
28049355
28049356
28075903
28077807
28089048
28089087
28089127
28359365
28361826
28365123
28365125
28365305
28365334
28365380
28365595
28365814
28365815
28370228
28370445
28370710
28479198
28486040
28486105
28647228
28647658
28647659
28667031
28669449
28669503
28669505
28669760
28670280
28670734
28670744
28670783
28670833
28670853
28670873
28670904
28670923
28670933
28670933
28670933
28671921
28672993
28673049
28673585
28673623
28673863
28673869
28674703
28674753
28674783
28674783
28674941
28676210
28676273
28676294
28676930
28676945
28676946
28678304
28678304
28678304
28680293
28873574
28873574
28873583
28873592
28874973
28965395
28965397
28967930
28968940
28972808
28972848
28972880
28973288
28973538
28973539
28991927
28991927
28991927
28993933
28993934
28993934
28994673
28994905
28994906
28995126
28995232
28995405
28995406
28995406
28995652
29159730
29161041
29162961
29162961
29170112
29171400
29173182
29173342
29173620
29173852
29249477
29266462
29266702
29266702
29278568
29281872
29564689
29564690
29567392
29567422
29567460
29567677
29567678
29569786
29570012
29570280
29684647
29687086
29810089
29813310
29814110
29815729
29818979
29849347
29849587
29849588
29852922
29853008
29856010
29858465
29858472
29858473
29858474
29858604
29858854
29858905
29858923
30073615
30073621
30164912
30164913
30170200
30170479
30170489
30170520
30170759
30170759
30175338
30176141
30176359
30176361
30176441
30176689
30176769
30176819
30176849
30176849
30176879
30176999
30177060
30177132
30177319
30177350
30177360
30177360
30177360
30177369
30177622
30177670
30177819
30177829
30177839
30177850
30177850
30177859
30178143
30178720
30178890
30179199
30179219
30179229
30179239
30179239
30179249
30181330
30185820
30186184
30186220
30196000
30215560
30254680
30449080
30449315
30449315
30466887
30469482
30471029
30471030
30471359
30471959
30473159
30473509
30473519
30473549
30473609
30473628
30473648
30473678
30473698
30473708
30473708
30476291
30478370
30765163
30765165
30770509
30770529
30770560
30770779
30771009
30771010
30853216
30855649
30881558
30883333
30952699
30955998
31049300
31049524
31049525
31271178
31271192
31365414
31365416
31367812
31367832
31367870
31368162
31368162
31370472
31370692
31371460
31649276
31649496
31649496
31674841
31676740
31964682
31964682
31970740
31973948
31974000
31974017
31974926
31974927
32080136
32082702
32090489
32092926
32249610
32260180
32260190
32260190
32266884
32269282
32269380
32269384
32269739
32269743
32269819
32269870
32269910
32269940
32269959
32269990
32269990
32269990
32276997
32279418
32279685
32279688
32280045
32280095
32280126
32280135
32280220
32280516
32280552
32280915
32280978
32280978
32281256
32281256
32281265
32282086
32283705
32294866
32294876
32310719
32336534
32475328
32475342
32535685
32537389
32564915
32564917
32568808
32568827
32568860
32569067
32569417
32569418
32569977
32571817
32572830
32591883
32591884
32591885
32591885
32593891
32593892
32593892
32595251
32595299
32595374
32595375
32595471
32595731
32699474
32711504
32711754
32711755
32712045
32712320
32712554
32855454
32855924
32855924
32879649
32881303
32881570
33165177
33165179
33168940
33168960
33168960
33169201
33169421
33169421
33170280
33170491
33170750
33232193
33235299
33378954
33378957
33379270
33379910
33380959
33381190
33382652
33382759
33382765
33383760
33388900
33399160
33419720
33448866
33451327
33451606
33451607
33452898
33452977
33453196
33453199
33453199
33453539
33453566
33453576
33454217
33454230
33455550
33455606
33455706
33455707
33455857
33455857
33460760
33497474
33497484
33497494
33497870
33498650
33613195
33613200
33613207
33613365
33613370
33613480
33613590
33613746
33614040
33615160
33617400
33621890
33630880
33637969
33638107
33648840
33673403
33673413
33673419
33684760
33733170
33733620
33734050
33765433
33765435
33770300
33770309
33770340
33770569
33773319
33775377
33776151
33776969
33776973
33777040
33777179
33777250
33777299
33777340
33777350
33777359
33777429
33777429
33777660
33777751
33777959
33779009
33779010
33780120
33781141
33781149
33781160
33781170
33781170
33781179
33781190
33781200
33781210
33781210
33781220
33781481
33781720
33783870
33784190
33784190
33784630
33784650
33784659
33784669
33784680
33784680
33784911
33785189
33785200
33785210
33785210
33785219
33785229
33787140
33792820
33797960
33819640
33863000
34049210
34051010
34051010
34066945
34069626
34069676
34069677
34070016
34070027
34070056
34070066
34070066
34070096
34070116
34070156
34070167
34070175
34077188
34081850
34083417
34083424
34085432
34085442
34085462
34086102
34086422
34086422
34086425
34086431
34086602
34086655
34086842
34087060
34217443
34221870
34226252
34306524
34312457
34317380
34319047
34326609
34364630
34364630
34367433
34367443
34367443
34367713
34367962
34367963
34369718
34369932
34370190
34371800
34371963
34605608
34605608
34607613
34607613
34609342
34609342
34609342
34609343
34609464
34609465
34609953
34610043
34610243
34610357
34610533
34610663
34610843
34610963
34648669
34648919
34648919
34775600
34776060
34776980
34778820
34778910
34779340
34780200
34965054
34965056
34968439
34968449
34968480
34968709
34968709
34970120
34971039
34971290
35179163
35181771
35249202
35251532
35251532
35290641
35290652
35290657
35290662
35290671
35513771
35516488
35519788
35565326
35565328
35571940
35576160
35579233
35585160
35587743
35587790
35588032
35588033
35753365
35755372
35759375
35759848
35855070
35855327
35855328
35867053
35869344
35870428
35870474
35870476
35870720
35870914
35870923
35870944
35870944
35870974
35870994
35871014
35871034
35871034
35871034
35881027
35883539
35883797
35883803
35884137
35884177
35884177
35884207
35884382
35884687
35884714
35885150
35885177
35885179
35885427
35885428
35906285
35908768
35921146
35925912
36164564
36164566
36167225
36167255
36167255
36167515
36167516
36169624
36169855
36170150
36191918
36191918
36191918
36193921
36193921
36193921
36194583
36194584
36194780
36195084
36195182
36195261
36195313
36195571
36208239
36210246
36249130
36249131
36250690
36250882
36251141
36253156
36253969
36253976
36253996
36254117
36254119
36260961
36260962
36260962
36260963
36260964
36262059
36262109
36262113
36262268
36262278
36262521
36262628
36262638
36262735
36262736
36262928
36263330
36268080
36277580
36296600
36328905
36328939
36330754
36330834
36330914
36330915
36331785
36332040
36332394
36334600
36368548
36368558
36368559
36369120
36370260
36449038
36449298
36449299
36484842
36484860
36485007
36485013
36485217
36485387
36486547
36486552
36507266
36507266
36507275
36604540
36605250
36651757
36654530
36656044
36764799
36764801
36767857
36767877
36767910
36768447
36769854
36771507
36771557
36775988
37048825
37051665
37051665
37052893
37054597
37054795
37054803
37054803
37055255
37055255
37055305
37055344
37055915
37055950
37056245
37058389
37059225
37213731
37213755
37214301
37215758
37216010
37216415
37216538
37216598