0
350
26077
26078
26078
105856
269619
269627
269952
269966
270130
270145
270307
270449
270731
270853
271018
271020
271027
271174
271296
271305
271733
272047
272318
273528
274565
274568
274727
274865
304989
305548
305757
305921
305928
305946
305947
305948
305948
305957
305960
305961
305961
305963
305965
305967
305967
305968
305969
305970
305970
305971
305972
306293
306299
306299
306300
306573
307973
307976
307976
307977
307978
310944
311984
311987
311988
311989
311989
316004
316007
316008
316213
316214
316214
316215
316326
316487
317417
336009
336493
336697
425056
425737
425905
489941
683948
684107
684109
705873
1176475
1177005
1177237
1305899
1325076
1325739
1325923
1326087
1326098
1326113
1326114
1326114
1326115
1326116
1326117
1326121
1326122
1326123
1326124
1326124
1326125
1326126
1326126
1326127
1326138
1326138
1326138
1326297
1326470
1326493
1326494
1326494
1328140
1328143
1328761
1328762
1330790
1332149
1334809
1353407
1353576
1353578
1356100
1356354
1356557
1445175
1445837
1446010
1905943
2008901
2009180
2009247
2009382
2009512
2016020
2016186
2016187
2036223
2036231
2036468
2036529
2036558
2036618
2036624
2036711
2036739
2036747
2036769
2036865
2036897
2037024
2037028
2037218
2037246
2037247
2044545
2044568
2044568
2044569
2044783
2044866
2044868
2044948
2044983
2045091
2045167
2045185
2045318
2045319
2045338
2045513
2045645
2045646
2045733
2045909
2045950
2048155
2048384
2048395
2048616
2048628
2048894
2049207
2050687
2059781
2064697
2064929
2069605
2069610
2069749
2069789
2069898
2069909
2069967
2069978
2070157
2070208
2070218
2070307
2070517
2070628
2070667
2070787
2070857
2070996
2071048
2071324
2071595
2073154
2074186
2074190
2074337
2074473
2076473
2076767
2076935
2239058
2239060
2239060
2239507
2239707
2239867
2306555
2307216
2308247
2308408
2327427
2345193
2345711
2345883
2346047
2346051
2346073
2346074
2346075
2346076
2346076
2346077
2346082
2346083
2346083
2346084
2346085
2346086
2346087
2346088
2346089
2346090
2346090
2346091
2346450
2346452
2348126
2348131
2352139
2352148
2356159
2356163
2356371
2356543
2376139
2376766
2377007
2377174
2465269
2465794
2465959
2505954
2687097
2687098
2687098
2976462
2977107
2977327
3106000
3106392
3328318
3328484
3328485
3365312
3365795
3365987
3366167
3366172
3375298
3375301
3375302
3375303
3375304
3375310
3375311
3375311
3375312
3375313
3375314
3375315
3375315
3375316
3375316
3375317
3375318
3375466
3375601
3375669
3375670
3377714
3381732
3396468
3396966
3397187
3485348
3485985
3486159
3705994
3708011
3712024
3716088
3869611
3869626
3869980
3869992
3870111
3870122
3870169
3870182
3870347
3870428
3870439
3870527
3870737
3870893
3870949
3871047
3871087
3871232
3871437
3871702
3871973
3873535
3874572
3874575
3874847
3874897
3876435
3876761
3876936
3975409
3975711
3975789
3976937
3977089
3977091
4306028
4384422
4384907
4385107
4385277
4385282
4385308
4385308
4385309
4385310
4385311
4385312
4385316
4385316
4385318
4385319
4385320
4385320
4385321
4385322
4385322
4385323
4385324
4385324
4385534
4385657
4385736
4387335
4387339
4391352
4391356
4415341
4415857
4416057
4416988
4417187
4504491
4504977
4505145
4626222
4626381
4626385
4776442
4776984
4777207
4906023
5286677
5286832
5286833
5404489
5405092
5405287
5405456
5405460
5405489
5405489
5405490
5405491
5405496
5405497
5405498
5405502
5405505
5405506
5405507
5405509
5405509
5405509
5405509
5405510
5405708
5405770
5405771
5405771
5406044
5406045
5406605
5408075
5412089
5435537
5436041
5436247
5459628
5459635
5460120
5460149
5460150
5460151
5460384
5460385
5460386
5460509
5460644
5460811
5460917
5461109
5461189
5461416
5465357
5465513
5465522
5465901
5466237
5466400
5466408
5495604
5496204
5496407
5506033
5524576
5525061
5525226
5644542
5644553
5644553
5645011
5645012
5645133
5669609
5669617
5670090
5670102
5670378
5670392
5670687
5670728
5670872
5670997
5671300
5671567
5671834
5671837
5671839
5672607
5673728
5674837
5674840
5676162
5676297
5676308
5676458
5676469
5676473
5676647
5676787
5676808
5676964
5677133
5677297
5677436
5678995
5680026
5680029
5680204
5680318
5938168
5938318
5938319
5938703
5938897
5939067
5976456
5976974
5977150
6106057
6424584
6425337
6425495
6434574
6434577
6434578
6434578
6434579
6434580
6434585
6434586
6434587
6434588
6434588
6434589
6434590
6434590
6434591
6434592
6434593
6434593
6434594
6434595
6434809
6434850
6434851
6434906
6434908
6434908
6435028
6436573
6436576
6436576
6436628
6436929
6440595
6440600
6440600
6440650
6440952
6444665
6444938
6444939
6444940
6456465
6457004
6457187
6477204
6479214
6483224
6490303
6490580
6490762
6544651
6545159
6545339
6576463
6577103
6577278
6584770
6584942
6584942
6706089
7179991
7180417
7241178
7241329
7241332
7306112
7444531
7444933
7445137
7445308
7445318
7454633
7454637
7454638
7454639
7454641
7454641
7454642
7454646
7454647
7454943
7455104
7455327
7455489
7455584
7455585
7455586
7455586
7455587
7455588
7455589
7455589
7455590
7455591
7455818
7455881
7456965
7460980
7469647
7469652
7469801
7469812
7469934
7469946
7469967
7469978
7470147
7470237
7470248
7470297
7470547
7470637
7470757
7470838
7470847
7470990
7471249
7471527
7471813
7473374
7474404
7474406
7474568
7474694
7484693
7485067
7485226
7564720
7565231
7565404
7878598
7878599
7878600
7906063
8343980
8376450
8376987
8377197
8464753
8465236
8465406
8465577
8465582
8470619
8470621
8470621
8470621
8470622
8470623
8470627
8470628
8470628
8470628
8470628
8470629
8470629
8470629
8470630
8470630
8470630
8470917
8470991
8470991
8470992
8471037
8471247
8471418
8471476
8471477
8471700
8471701
8471813
8472620
8472624
8472624
8473029
8473032
8473722
8476629
8476634
8476634
8477035
8477742
8480706
8485676
8487686
8491696
8495675
8495961
8496123
8502682
8502833
8502835
8506142
8511104
8511107
8511108
8584822
8585436
8585637
9106162
9132898
9133063
9133064
9244599
9244608
9244608
9245031
9245144
9245146
9245260
9245431
9245432
9245511
9245638
9245640
9245741
9245921
9246000
9246002
9269647
9269651
9269965
9269977
9270099
9270118
9270119
9270135
9270297
9270408
9270418
9270447
9270727
9270827
9270849
9271017
9271037
9271157
9271277
9271564
9271847
9273407
9274450
9274453
9274619
9274740
9276472
9276747
9276947
9484854
9485319
9485507
9494833
9494837
9494838
9494838
9494838
9494844
9494844
9494845
9494846
9494846
9494847
9494848
9494849
9494849
9494850
9494851
9494851
9494852
9495026
9495081
9495082
9495083
9495084
9495085
9495086
9495169
9495969
9497105
9497109
9501114
9501117
9516460
9516937
9517100
9528410
9528845
9529446
9529593
9548867
9555617
9555769
9555776
9556092
9556287
9556450
9591160
9591161
9591174
9591522
9604936
9605412
9605627
9621252
9621706
9621873
9706170
9765287
9765437
9765439
10176452
10177082
10177287
10306209
10380927
10381107
10381109
10504970
10505519
10505727
10505895
10505898
10509390
10509397
10509397
10509398
10509399
10509400
10509404
10509405
10509406
10509407
10509411
10509412
10509413
10509415
10509416
10509417
10509418
10509606
10509716
10509722
10511726
10515752
10535964
10536357
10536557
10625018
10625596
10625768
10906250
10994007
10994164
10994165
11069652
11069659
11070030
11070037
11070161
11070172
11070223
11070234
11070387
11070468
11070478
11070530
11070761
11070787
11070837
11071027
11071042
11071043
11071077
11071079
11071080
11071162
11071325
11071519
11071817
11072097
11072857
11073905
11073908
11074077
11074188
11076465
11076747
11076937
11338328
11338481
11338488
11506318
11506782
11506967
11507131
11507203
11525045
11525594
11525760
11525919
11525923
11535001
11535007
11535008
11535008
11535008
11535008
11535009
11535017
11535018
11535019
11535020
11535020
11535021
11535022
11535023
11535025
11535026
11535026
11535245
11535246
11535293
11535297
11535361
11537016
11541031
11556459
11557006
11557217
11609707
11609828
11609830
11645100
11645790
11646007
11976464
11977083
11977253
12106363
12106901
12107060
12107223
12107279
12224029
12224178
12224179
12271007
12271398
12275058
12275547
12275737
12275895
12275905
12275906
12275907
12275908
12545137
12545680
12545842
12545997
12546002
12546046
12546047
12546048
12546049
12546050
12546054
12546055
12546056
12546056
12546057
12546058
12546058
12546058
12546059
12546059
12546059
12546059
12546328
12546399
12546406
12546468
12546472
12546598
12546687
12546867
12546923
12547225
12547419
12576093
12576747
12576910
12664505
12664528
12664964
12664965
12664966
12664967
12665002
12665003
12665192
12665230
12665231
12665487
12665524
12665568
12665724
12665729
12665820
12665984
12666101
12706388
12706887
12707041
12707201
12707256
12808858
12809128
12809192
12809324
12809460
12826898
12826900
12826900
12836129
12836272
12836413
12844490
12844496
12844497
12844498
12844671
12844672
12844841
12844928
12845147
12845317
12869605
12869628
12869995
12870006
12870129
12870148
12870150
12870173
12870337
12870457
12870468
12870478
12870720
12870797
12870808
12870868
12870997
12871027
12871084
12871141
12871266
12871536
12871800
12873361
12874402
12874405
12874578
12874707
12876465
12876739
12876903
13022728
13022890
13022896
13023303
13023497
13023667
13056458
13057095
13057282
13306338
13565229
13565789
13565957
13566119
13566123
13575236
13575242
13575243
13575243
13575243
13575243
13575247
13575248
13575248
13575249
13575250
13575251
13575251
13575252
13575253
13575254
13575254
13575489
13575605
13575637
13575847
13576013
13576074
13576075
13576379
13576380
13576382
13576428
13621778
13621931
13621935
13685316
13685852
13686047
13776462
13776980
13777156
13906368
14238708
14238865
14238867
14506326
14585355
14585959
14586167
14586326
14586330
14586375
14586375
14586377
14586378
14586379
14586380
14586384
14586385
14586386
14586386
14586387
14586388
14586389
14586389
14586390
14586391
14586392
14586392
14586641
14586805
14588419
14588422
14588673
14592438
14592441
14592693
14596455
14596676
14596677
14596678
14597011
14616431
14616926
14617137
14629408
14631418
14635429
14642504
14642837
14642998
14646673
14646835
14646838
14646895
14648077
14648237
14648242
14648300
14669644
14669668
14669999
14670011
14670130
14670150
14670158
14670171
14670337
14670457
14670468
14670487
14670489
14670767
14670808
14670932
14670960
14671048
14671117
14671405
14671686
14671956
14673514
14674555
14674558
14674724
14674838
14676467
14676636
14676847
14704429
14705062
14705232
14885068
14885097
14885098
15106399
15480137
15480527
15544283
15544441
15544444
15576464
15577069
15577277
15604454
15605170
15605331
15605491
15605498
15605561
15605561
15605561
15605562
15605562
15605562
15605563
15605565
15605565
15605565
15605566
15605566
15605566
15605566
15605567
15605567
15605567
15605567
15605835
15605862
15605903
15605904
15606087
15606243
15606257
15606312
15606760
15606949
15607600
15607604
15607604
15607827
15607963
15608052
15611625
15611629
15615644
15635558
15636122
15636288
15648600
15650611
15654621
15661700
15662152
15662316
15706413
15724537
15724827
15724983
16198066
16198462
16216231
16216232
16216233
16306414
16444541
16444568
16444568
16445002
16445235
16445437
16445599
16445659
16445959
16445959
16445960
16446179
16446245
16446247
16446479
16446480
16446590
16446718
16446720
16446901
16446903
16447041
16447182
16459780
16469618
16469622
16469773
16469784
16469939
16469949
16470127
16470258
16470260
16470573
16470730
16470737
16470874
16471848
16471852
16472618
16473727
16474847
16474850
16476187
16476188
16476623
16476785
16476788
16476942
16476977
16476988
16477157
16477194
16477377
16477541
16477862
16478057
16478222
16479781
16480812
16480815
16480977
16481007
16624538
16625037
16625197
16625357
16625368
16625389
16625390
16625391
16625391
16625392
16625393
16625394
16625401
16625404
16625405
16625406
16625407
16625409
16625409
16625409
16625410
16625410
16625410
16625411
16625578
16625638
16625639
16625651
16626060
16626062
16626063
16627404
16627613
16628065
16628069
16628070
16631440
16631644
16632096
16632100
16632100
16635452
16636128
16638136
16642155
16654237
16654397
16654404
16654691
16654877
16655038
16655454
16655770
16655934
16666102
16666105
16668111
16668112
16672118
16672121
16744593
16745012
16745187
16749845
16750157
16751329
16751482
16769651
16870278
16870278
16870279
16906451
17376471
17377067
17377267
17506484
17520528
17520592
17520593
17644612
17645139
17645357
17645519
17645523
17654606
17654609
17654610
17654611
17654616
17654617
17654617
17654618
17654619
17654620
17654620
17654621
17654621
17654622
17654623
17654624
17654625
17654811
17654931
17654932
17654985
17655088
17655317
17655405
17655487
17655556
17655729
17655730
17655731
17656643
17656646
17656950
17657759
17660686
17660691
17660942
17664709
17675606
17675964
17676147
17741968
17742127
17742139
17742571
17764682
17765210
17765407
18106511
18179677
18179834
18179835
18244540
18245012
18245207
18245371
18269604
18269628
18269965
18269968
18270027
18270041
18270138
18270157
18270232
18270246
18270337
18270457
18270477
18270498
18270627
18270759
18270897
18271037
18271237
18271417
18272977
18274012
18274018
18274166
18274226
18276427
18276730
18276892
18375881
18376148
18376199
18664690
18665206
18665377
18665537
18665542
18665573
18665574
18665575
18665576
18665577
18665578
18665578
18665579
18665583
18665584
18665584
18665585
18665586
18665587
18665588
18665588
18665589
18665590
18665591
18665819
18665925
18667833
18671850
18695554
18696167
18696357
18705691
18705842
18705845
18705903
18706537
18784746
18785305
18785507
18841468
18841628
18841630
19176456
19176944
19177147
19306565
19513408
19513410
19513410
19684785
19685409
19685617
19685777
19685781
19685807
19685808
19685809
19685810
19685811
19685811
19685816
19685817
19685817
19685818
19685819
19685820
19685821
19685822
19685823
19685823
19685824
19685825
19685825
19686192
19686192
19686192
19686193
19686271
19686272
19687814
19687817
19688318
19688322
19691833
19691837
19692338
19692341
19715879
19716357
19716557
19737739
19737746
19739750
19739754
19743761
19743764
19760865
19761416
19761579
19773218
19773368
19773374
19773665
19804882
19805380
19805577
19875679
19875688
19876122
19876123
19876123
19876124
19876152
19876153
19876371
19876469
19876633
19876779
19876919
19877076
19877199
19877389
19906565
20044551
20044559
20044559
20044936
20045042
20045043
20069633
20069658
20070015
20070019
20070043
20070053
20070167
20070179
20070257
20070268
20070347
20070466
20070467
20070527
20070677
20070680
20070765
20070903
20071042
20071047
20071247
20071419
20072993
20073982
20073985
20074129
20074178
20076447
20076947
20077115
20125042
20181578
20181737
20181740
20403017
20403182
20403187
20403522
20403717
20403888
20506596
20704896
20705394
20705565
20705717
20705722
20705777
20705791
20705791
20705795
20705798
20705798
20705799
20705799
20705799
20705800
20705800
20705800
20705800
20705801
20705801
20705801
20706090
20706091
20706209
20706209
20706210
20706492
20706505
20706772
20707607
20707767
20707774
20707830
20708016
20708533
20708537
20710882
20711227
20711864
20711927
20712563
20712566
20713327
20715875
20716127
20721727
20732927
20735808
20736114
20736307
20748387
20750398
20754409
20755328
20800127
20824963
20825484
20825649
20847128
20847129
20847129
20976445
20976960
20977157
21106635
21499908
21500055
21500057
21706654
21724978
21725589
21725787
21725952
21725956
21734991
21734994
21734995
21734996
21734996
21734997
21735002
21735004
21735004
21735005
21735006
21735007
21735007
21735008
21735009
21735010
21735010
21735011
21735324
21735327
21738997
21739160
21739168
21739477
21845029
21845557
21845747
21869627
21869638
21870005
21870022
21870029
21870040
21870170
21870181
21870228
21870239
21870357
21870457
21870498
21870501
21870560
21870648
21870768
21870858
21870957
21871038
21871206
21872765
21873805
21873808
21873950
21874009
21876468
21876947
21877119
22036178
22036329
22036333
22160407
22160567
22160568
22306673
22745057
22745681
22745877
22746035
22746038
22755048
22755051
22755052
22755052
22755053
22755054
22755059
22755060
22755061
22755062
22755062
22755063
22755064
22755065
22755066
22755066
22755067
22755210
22755210
22755211
22755274
22757073
22761087
22832349
22832350
22865070
22865753
22865967
22906696
23460085
23460422
23504308
23504308
23504309
23506716
23608884
23609168
23609228
23609357
23609504
23636146
23636476
23636605
23644504
23644510
23644511
23644512
23644679
23644681
23644797
23644863
23644998
23644999
23645007
23645151
23645153
23645178
23645302
23645304
23645461
23645462
23645554
23645700
23645702
23669615
23669638
23669965
23669971
23669987
23669990
23670117
23670128
23670200
23670210
23670297
23670427
23670447
23670472
23670588
23670618
23670747
23670869
23670907
23671042
23671069
23671210
23672769
23673812
23673815
23673965
23673997
23676433
23676733
23676899
23765143
23765640
23765805
23765957
23765961
23775160
23775168
23775169
23775169
23775175
23775179
23775180
23775181
23775182
23775182
23775183
23775184
23775185
23775185
23775186
23775187
23775188
23775188
23775361
23775504
23775506
23775509
23775512
23775513
23775849
23775850
23777889
23777892
23781904
23781907
23796456
23797032
23797247
23817178
23819189
23823198
23885232
23885841
23886003
23949747
23949901
23949903
23950259
23950447
23950613
23969688
23970381
23971579
23971733
23990254
24052086
24052476
24106761
24175057
24175058
24175059
24576428
24577050
24577267
24706778
24785230
24785729
24785894
24786057
24786062
24795197
24795200
24795201
24795202
24795211
24795212
24795213
24795214
24795214
24795215
24795216
24795216
24795217
24795218
24795219
24795368
24839827
24839983
24839984
24905321
24905926
24906117
25306746
25469605
25469628
25469983
25469990
25470047
25470058
25470134
25470157
25470248
25470258
25470317
25470467
25470468
25470583
25470647
25470827
25470917
25471007
25471088
25471245
25472804
25473842
25473845
25473997
25474057
25476460
25476943
25477112
25513871
25514019
25514020
25805331
25805924
25806127
25806295
25806298
25806348
25806348
25806349
25806349
25806349
25806350
25806350
25806350
25806598
25806817
25806974
25807060
25807061
25807061
25807062
25807063
25807064
25807064
25807065
25807066
25807066
25807306
25808338
25812358
25836365
25836987
25837146
25906832
25924401
25924920
25925081
26205018
26205018
26205019
26376448
26376944
26377147
26506865
26824411
26825034
26825191
26825342
26825345
26834393
26834401
26834401
26834402
26834403
26834404
26834405
26834407
26834407
26834408
26834409
26834410
26834410
26834412
26834571
26834572
26834572
26834757
26834758
26834787
26834987
26835167
26835227
26835228
26835431
26836603
26836757
26840615
26864467
26865066
26865230
26877592
26877599
26879583
26883593
26890650
26890805
26890808
26944479
26945119
26945317
27082788
27082797
27083262
27083263
27083264
27083265
27083287
27083288
27083528
27083639
27083795
27083926
27084043
27084217
27084339
27089259
27096448
27096922
27097097
27106907
27244577
27244585
27244585
27244962
27245052
27245054
27245280
27269604
27269628
27269963
27269974
27269997
27270008
27270142
27270153
27270207
27270218
27270337
27270427
27270438
27270498
27270499
27270618
27270739
27270806
27270897
27270978
27271140
27272100
27273132
27273135
27273307
27273330
27276451
27276833
27277003
27355728
27355758
27355758
27356147
27356357
27356520
27588697
27588856
27588858
27706862
27844490
27845117
27845327
27845487
27845495
27845543
27845543
27845544
27845544
27845544
27845545
27845546
27845546
27845546
27845547
27845547
27845547
27845547
27845548
27845548
27845548
27845548
27845549
27845861
27845862
27845966
27845968
27875572
27876087
27876277
27964541
27965098
27965262
27979126
27979465
28176467
28177052
28177220
28291388
28291534
28291537
28306947
28864544
28865218
28865417
28865577
28865583
28865634
28865641
28865641
28865641
28865642
28865642
28865642
28865644
28865644
28865644
28865645
28865645
28865645
28865645
28865646
28865646
28865646
28865646
28865647
28865965
28865965
28896473
28897032
28897237
28906965
28984596
28985184
28985350
29026077
29026078
29026078
29044493
29045006
29045197
29045371
29069651
29069658
29069990
29069998
29070038
29070048
29070168
29070178
29070248
29070258
29070357
29070477
29070521
29070523
29070647
29070668
29070796
29070933
29071119
29071280
29071439
29072998
29074041
29074044
29074184
29074244
29076460
29076943
29077112
29506995
29671498
29671842
29739057
29739210
29739211
29884580
29885073
29885257
29885416
29885421
29890449
29890457
29890458
29890458
29890458
29890460
29890461
29890462
29890462
29890463
29890463
29890464
29890465
29890466
29890466
29890468
29890468
29890469
29890684
29890684
29890801
29890802
29890802
29890802
29890803
29892501
29896522
29900536
29915497
29916027
29916227
29976445
29976943
29977116
30004636
30005271
30005430
30107021
30426339
30426488
30426490
30707094
30707750
30707947
30708110
30708169
30708483
30844543
30844578
30844578
30844953
30845001
30845002
30845153
30845155
30845220
30845403
30845405
30845406
30845729
30845730
30845872
30846089
30846171
30847437
30851446
30855458
30857467
30859780
30861489
30865551
30869621
30869626
30869772
30869783
30869798
30869809
30869938
30869949
30869997
30870008
30870117
30870217
30870263
30870357
30870408
30870578
30870663
30870757
30870847
30871013
30872573
30873604
30873607
30873751
30873778
30904638
30905163
30905324
30905475
30905488
30905500
30905501
30905502
30905503
30905507
30905508
30905509
30905510
30905510
30905511
30905512
30905512
30905517
30905518
30905519
30905519
30905520
30905851
30905852
30905853
30905853
30905923
30907522
30911545
30915567
30918597
30918755
30918758
30918814
30935583
30936113
30936307
30936428
30936879
30937057
31024700
31025250
31025413
31114988
31115148
31115155
31115592
31115797
31115960
31191252
31191817
31198481
31198635
31307139
31307750
31307909
31308071
31308126
31331490
31332029
31338687
31338838
31471552
31472132
31472913
31473069
31491541
31776472
31777054
31777223
31813837
31813996
31813998
31906129
31906535
31907156
31907537
31907727
31907891
31907946
31924739
31925257
31925430
31925582
31925588
31930631
31930634
31930634
31930635
31930640
31930641
31930642
31930642
31930643
31930644
31930644
31930645
31930645
31930646
31930647
31931003
31932668
31932671
31936683
31936686
31940647
31940858
31947907
31948077
31948083
31948437
31955698
31956094
31956297
31956464
31956747
31956910
32044810
32045340
32045499
32507143
32526777
32526931
32526934
32669639
32669648
32669988
32669991
32670007
32670010
32670147
32670158
32670168
32670179
32670347
32670377
32670467
32670527
32670557
32670559
32670750
32670867
32670907
32671067
32671234
32672243
32673282
32673285
32673441
32673477
32676445
32676837
32677027
32776294
32776582
32776659
32944847
32945446
32945610
32945771
32945776
32945800
32945802
32945803
32945808
32945809
32945809
32945810
32945811
32945811
32945812
32945813
32945814
32945814
32945815
32945816
32946008
32946009
32946010
32946011
32946117
32946273
32946327
32946498
32946567
32947574
32947849
32947851
32948284
32951899
32952304
32955866
32975846
32976397
32976628
33064920
33065424
33065597
33107171
33267888
33267984
33267985
33576456
33577071
33577267
33707187
33875128
33875757
33875916
33876077
33876102
33876103
33964960
33965432
33965599
33965750
33965754
33970787
33970797
33970798
33970798
33970798
33970798
33970799
33970799
33970800
33970800
33970801
33970802
33970803
33970804
33970805
33970805
33970806
33970807
33970808
33970977
33971050
33971247
33971467
33971620
33971675
33971883
33971884
33972813
33972817
33976828
33976831
33996462
33997037
33997206
34008938
34008977
34008979
34085020
34085511
34085697
34290547
34290556
34290994
34290995
34290995
34290995
34291262
34291263
34291264
34291400
34291529
34291704
34291799
34292046
34292080
34292293
34307188
34408879
34409141
34409200
34409334
34409464
34436185
34436508
34436696
34444550
34444556
34444557
34444558
34444773
34444807
34444862
34444973
34444978
34445132
34446593
34450602
34454614
34469622
34469629
34469979
34469990
34470013
34470038
34470162
34470172
34470227
34470238
34470347
34470437
34470447
34470527
34470578
34470647
34470728
34470876
34470892
34471060
34471226
34472785
34473824
34473826
34474012
34474015
34476438
34476725
34476897
34575958
34575967
34575968
34576250
34778227
34778383
34778387
34778694
34778877
34779037
34836434
34836997
34837155
34907202
34985052
34985619
34985785
34985947
34985952
34990988
34990991
34990992
34990992
34990993
34990994
34990995
34990996
34990996
34990997
34991002
34991002
34991003
34991004
34991004
34991005
34991005
34991006
34991007
34991008
34991009
34991537
34991717
34991874
34991951
34992230
34992981
34994246
34997005
34998264
35105118
35105711
35105878
35376428
35376943
35377117
35507219
35553877
35554025
35554027
35833131
35833566
36005135
36005707
36005907
36006067
36006072
36011128
36011132
36011133
36011135
36011137
36011144
36011145
36011146
36011147
36011148
36011148
36011148
36011148
36011149
36011149
36011149
36011150
36011447
36011527
36011737
36011893
36011964
36012205
36012208
36014225
36018235
36036162
36036659
36036823
36107210
36125204
36125684
36125845
36269606
36269618
36269981
36269992
36270171
36270182
36270367
36270478
36270538
36270722
36270787
36270947
36271103
36271836
36271840
36272607
36273717
36274837
36274840
36276164
36276315
36276326
36276433
36276489
36276499
36276657
36276738
36276799
36276830
36276918
36277103
36277255
36278815
36279853
36279856
36280007
36280067
36300108
36300109
36300110
36707268
36895158
36895567
37025227
37025913
37026079
37026230
37026235
37026274
37026275
37026275
37026283
37026286
37026287
37026288
37026288
37026289
37026290
37026290
37026290
37026291
37026291
37026291
37026548
37026549
37026624
37028290
37028646
37032319
37032674
37056351
37056885
37057077
37067603
37069612
37073147
37073312
37073313
37073618
37080688
37081135
37081338
37132058
37132118
37132124
37132537
37145290
37145887
37146077
37176469
37176942
37177109
37307264
37307764
37771507
37771854
37865568
37865717
37865718
37907292
38044553
38044578
38044578
38045035
38045334
38045538
38045696
38045701
38045768
38045982
38045983
38046112
38046113
38046381
38046456
38046581
38046582
38046699
38046798
38046912
38046993
38047152
38047232
38047310
38055288
38055291
38055292
38055293
38055294
38055299
38055300
38055301
38055301
38055302
38055303
38055303
38055304
38055304
38055305
38055306
38055307
38055550
38055551
38057295
38057298
38057349
38057350
38057550
38057664
38061335
38061341
38061392
38061593
38065397
38069612
38069616
38069769
38069780
38069802
38069812
38069928
38069942
38070012
38070027
38070100
38070237
38070317
38070399
38070433
38070597
38070617
38070742
38070798
38070953
38070956
38070962
38071008
38071107
38071119
38071261
38071272
38071437
38071583
38071931
38072107
38073632
38075296
38075299
38075468
38075468
38085363
38085706
38085917
38165331
38165969
38166131
38401795
38401950
38401956
38402424
38402607
38402787
38507290
38666758
38666913
38666914
38692526
38693127
38693558
38693719
38713389
38976454
38977052
38977220
39064409
39064986
39065157
39065316
39065321
39074398
39074401
39074402
39074403
39074409
39074410
39074410
39074411
39074412
39074412
39074413
39074414
39074414
39074415
39074416
39074417
39074418
39074735
39074746
39074747
39074753
39074853
39074947
39075118
39075173
39075362
39076762
39076871
39080799
39080904
39107309
39184475
39185190
39185358
39465418
39465566
39465567
39707309
39709322
39713332
39717396
39760136
39760489
39844521
39845006
39845197
39845363
39869644
39869648
39869943
39869954
39869977
39869988
39870121
39870132
39870148
39870162
39870277
39870367
39870514
39870577
39870757
39870877
39870928
39871067
39872586
39873620
39873622
39873787
39873788
39876433
39876723
39876889
40084525
40085072
40085243
40085392
40085396
40094538
40094547
40094548
40094549
40094549
40094550
40094555
40094557
40094558
40094558
40094558
40094559
40094559
40094559
40094560
40094560
40094560
40094560
40094756
40094757
40094758
40094761
40094762
40096576
40096579
40096580
40100592
40100595
40100596
40204581
40205270
40205467
40275657
40275708
40275710
40307274
40309287
40313297
40317361
40776464
40777057
40777257
40907328
41056428
41056429
41056429
41075142
41075827
41076007
41076163
41076190
41104598
41105053
41105215
41111505
41111657
41111670
41111994
41114573
41114575
41114575
41114575
41114576
41114576
41114577
41114578
41114578
41114578
41114578
41114578
41114579
41114579
41114579
41114580
41114580
41114580
41114811
41116619
41116622
41120656
41120659
41124668
41124873
41141721
41142359
41142557
41224667
41225139
41225306
41495408
41495417
41495852
41495853
41495854
41495854
41495902
41495903
41496105
41496145
41496353
41496424
41496609
41496711
41496853
41496976
41507355
41644565
41644588
41644588
41644901
41644902
41645022
41669615
41669638
41669991
41669994
41670021
41670032
41670168
41670178
41670197
41670207
41670370
41670387
41670532
41670535
41670736
41670851
41670917
41671007
41672567
41673601
41673604
41673767
41673797
41676465
41676851
41677024
41837218
41837218
41837220
41837575
41837767
41837929
41916435
41916933
41917100
42107396
42107893
42124669
42125132
42125295
42125448
42125452
42125471
42125472
42125473
42125474
42125474
42125475
42125476
42125480
42125481
42125482
42125483
42125483
42125484
42125485
42125486
42125487
42125488
42125488
42125489
42125804
42125808
42125809
42125809
42125880
42125881
42127489
42127844
42127897
42128812
42129157
42129347
42131531
42131839
42131892
42155558
42156212
42156376
42244719
42245237
42245407
42576442
42576940
42577115
42625697
42625831
42625832
42707409
43144747
43145239
43145437
43145607
43145611
43154737
43154742
43154743
43154749
43154749
43154750
43154751
43154751
43154752
43154753
43154754
43154754
43154755
43154755
43154756
43154757
43154758
43154985
43155119
43155120
43155121
43155123
43155215
43156753
43156806
43157258
43160771
43160825
43161277
43164839
43165119
43165273
43165666
43264829
43265327
43265527
43307416
43429508
43429653
43429655
43469636
43469648
43470005
43470025
43470177
43470188
43470367
43470526
43470528
43470749
43470847
43470937
43470938
43471026
43471117
43471125
43471207
43471471
43471624
43471657
43471777
43471788
43471926
43471937
43472068
43472107
43472248
43472249
43472549
43472692
43472823
43474383
43475413
43475415
43475587
43475588
43476475
43476840
43477047
43687153
43687653
43907436
44071482
44071819
44164828
44165315
44165477
44174805
44174808
44174809
44174810
44174811
44174812
44174812
44174813
44174814
44174815
44174818
44174819
44174821
44175192
44175366
44175538
44175612
44175613
44175614
44175614
44175615
44175616
44175616
44175617
44175618
44176032
44177633
44181655
44185666
44219247
44219414
44219416
44284898
44285526
44285737
44376442
44376956
44377146
44507454
44971469
44971827
44994868
44994869
44994870
45107417
45184927
45185410
45185607
45185767
45185771
45185793
45185794
45185795
45185796
45185796
45185801
45185801
45185802
45185803
45185804
45185804
45185805
45185806
45185806
45185807
45185808
45185808
45186118
45186136
45186146
45186147
45186149
45186347
45186508
45186563
45186862
45188148
45188151
45192164
45192168
45208875
45209169
45209235
45209356
45209501
45216472
45216893
45217067
45229378
45236156
45236300
45244499
45244505
45244506
45244506
45244715
45244804
45244806
45244887
45245067
45245068
45245122
45245248
45245290
45245292
45245467
45245469
45245635
45245636
45245902
45245903
45246845
45250853
45254866
45256895
45259782
45269643
45269647
45269791
45269802
45269827
45269838
45269968
45269979
45270007
45270024
45270157
45270197
45270299
45270300
45270358
45270597
45270624
45270744
45270807
45270889
45270948
45272457
45273491
45273494
45273639
45273640
45276464
45276733
45276893
45279897
45280057
45280062
45280137
45280354
45282151
45286161
45304993
45305587
45305627
45305847
45322470
45324481
45328491
45707518