0
60
61
61
400
557
599
722
727
907
929
2085
2739
2941
3649
3658
3873
3886
4001
4127
4137
4147
4389
4676
6095
6169
6749
6952
10163
10458
10639
10793
10938
10993
10994
11187
11243
11244
11394
11470
12883
12972
12980
13058
13061
13127
13155
13187
13207
13241
13297
13301
13309
13391
13426
13565
13566
13687
13713
13714
13904
13997
14002
14077
14078
14088
14206
14250
14251
14347
14372
14374
15449
18851
18947
18952
19027
19035
19036
19157
19304
19306
19417
19447
19448
19512
19567
19572
19627
19628
19636
19767
19839
19839
19957
19979
19981
20241
20460
25145
25147
25283
25303
25317
25327
25459
25472
25518
25530
25656
25736
25827
25827
25829
25887
26168
26227
26356
26377
26522
28082
29128
29130
29260
29297
34513
34855
34995
41308
41376
41431
80107
80107
80107
80146
80147
115917
175613
348897
348897
348898
349230
349426
467977
634935
634959
635403
635405
635405
635406
635654
635655
635655
635681
635899
635955
636149
636231
636388
636502
694993
695530
695692
831248
831792
832218
851241
904177
904704
904848
905018
905022
914169
914170
914171
914171
914171
914173
914176
914177
914177
914177
914178
914178
914178
914178
914179
914179
914179
914180
914426
914427
914427
914485
914502
914508
914565
914732
914788
914807
914983
916162
916166
916216
916518
917021
920176
920177
920227
920529
921032
924244
924564
924567
924568
924569
1024196
1024748
1024896
1068032
1091719
1091720
1091720
1292339
1292349
1293168
1293532
1293682
1293708
1668023
1825629
1825639
1825971
1825982
1826008
1826019
1826158
1826168
1826188
1826198
1826338
1826368
1826488
1826490
1826509
1826511
1826793
1826849
1826978
1827038
1827158
1828717
1829761
1829764
1829908
1829929
1834978
1835325
1835478
1850759
1850760
1924247
1924788
1924958
1925119
1925128
1925157
1925167
1925168
1925169
1925169
1925169
1925170
1925172
1925172
1925173
1925174
1925174
1925175
1925175
1925175
1925176
1925176
1925176
1925177
1925470
1925484
1925488
1925489
1925642
1925668
1925811
1925824
1925834
1925837
1927171
1927527
1927545
1931201
1931555
1931558
1955214
1955785
1955963
2044503
2045049
2045201
2247595
2247861
2247962
2268246
2595891
2595891
2735156
2735692
2735880
2868258
2944553
2945093
2945255
2945396
2945401
2945442
2945443
2945444
2945445
2945446
2945446
2945447
2945448
2945449
2945454
2945455
2945455
2945456
2945456
2945456
2945457
2945457
2945458
2945458
2945459
2945722
2945724
2945751
2945867
2945941
2945966
2946121
2946154
2946157
2946457
2946461
2947491
2947495
2947495
2947495
2947745
2948507
2948715
2949076
2949219
2951535
2951535
2951536
2951537
2951789
2952543
2955508
2955512
2955678
2955807
2975180
2975727
2975908
3063650
3064204
3064347
3167594
3168034
3168035
3339572
3339573
3339573
3468325
3600797
3600804
3600805
3601162
3601315
3601495
3602826
3606834
3610844
3625850
3625857
3626198
3626201
3626224
3626235
3626350
3626365
3626407
3626419
3626531
3626591
3626676
3626732
3627019
3627111
3627201
3627321
3627468
3629030
3630074
3630077
3630226
3630261
3635188
3635520
3635711
3963660
3964207
3964347
3964480
3964484
3964514
3964515
3964515
3964516
3964517
3964518
3964519
3964520
3964520
3964521
3964524
3964525
3964526
3964526
3964527
3964528
3964529
3964529
3964823
3964833
3964952
3965031
3965046
3966543
3966847
3970564
3970868
3994572
3995084
3995254
3995451
4068354
4083758
4084032
4084308
4084473
4084613
4535181
4535746
4535898
4668399
4831524
4831526
4983338
4983858
4984054
4984199
4984203
4984241
4984242
4984243
4984248
4984249
4984250
4984250
4984251
4984252
4984252
4984253
4984254
4984255
4984256
4984256
4984257
4984258
4984566
4984567
4984675
4984676
4984676
4984677
4984678
4984717
4984718
4984719
4984720
4986278
4986281
4986282
4986733
4990313
4990316
4990317
4990769
4994332
4994336
4994695
5014295
5014900
5015244
5103402
5103992
5104158
5267930
5400254
5400805
5400960
5425391
5425415
5425746
5425749
5425894
5425904
5426084
5426235
5426585
5426754
5426947
5426950
5427287
5427435
5428489
5428660
5428673
5428806
5428816
5428974
5429112
5429464
5429644
5430313
5431357
5431360
5431502
5431503
5434770
5435126
5435350
5576474
5576475
5867993
6003413
6003943
6004134
6004277
6004284
6004302
6004303
6004304
6004305
6004306
6004306
6004307
6004308
6004309
6004310
6004311
6004312
6004315
6004316
6004316
6004317
6004318
6004319
6004320
6004321
6004322
6006309
6006364
6006365
6010336
6010391
6010392
6014400
6014401
6014602
6014760
6014761
6014937
6016785
6016789
6020796
6020799
6034344
6034882
6035164
6123480
6124037
6124193
6297088
6297089
6297090
6334762
6335293
6335544
6468009
6923225
6923674
6929783
6929951
7002334
7002334
7002364
7023512
7024027
7024178
7024322
7024326
7033488
7033492
7033493
7033493
7033495
7033496
7033497
7033497
7033502
7033503
7033504
7033505
7033506
7033506
7033507
7033507
7033508
7033509
7033509
7033510
7033839
7033842
7033889
7033903
7033906
7035508
7035510
7035911
7035915
7039531
7039534
7039935
7039937
7054427
7054951
7055134
7068015
7143606
7144161
7144318
7200316
7200324
7200324
7200708
7200810
7200989
7201178
7201553
7201911
7202115
7202267
7202319
7202498
7202648
7202649
7202850
7202959
7203251
7204669
7206887
7208702
7210862
7212708
7225358
7225364
7225689
7225692
7225724
7225735
7225835
7225846
7225895
7225906
7225994
7226084
7226144
7226224
7226472
7226591
7226654
7226784
7227353
7228351
7228354
7228495
7228516
7234723
7235055
7235229
7364697
7364699
7364699
7365030
7365207
7668139
7720547
7720548
7845948
7845957
7846385
7846393
7846394
7846395
7846645
7846646
7846674
7846699
7846961
7847019
7847239
7847320
7847495
7847620
8043796
8044336
8044517
8052145
8052499
8053026
8053802
8053805
8053806
8053807
8053808
8053812
8053813
8053813
8053814
8053815
8053815
8053816
8053817
8053818
8053818
8053819
8053820
8054052
8054055
8054056
8054057
8054140
8054287
8054427
8054462
8054657
8055838
8055842
8056143
8059855
8059858
8060160
8063870
8064080
8064081
8064082
8073006
8074882
8075254
8075398
8134892
8135444
8135621
8163891
8164449
8164586
8268232
8429617
8429618
8868134
9024492
9024878
9025404
9025408
9025553
9025567
9025705
9025715
9025888
9026023
9026358
9026528
9026953
9027175
9027186
9027426
9027436
9027678
9027798
9027913
9028223
9028435
9028651
9030210
9031249
9031252
9031403
9031496
9063770
9064324
9064466
9073743
9073747
9073747
9073748
9073749
9073750
9073751
9073752
9073757
9073758
9073759
9073760
9073761
9073761
9073762
9073763
9073764
9073764
9073765
9073766
9073985
9074055
9074152
9074154
9074634
9075768
9076072
9076176
9079789
9080094
9080199
9094740
9095262
9095429
9124559
9124560
9183841
9184359
9184558
9468136
9778851
9779182
9805458
9805585
9805586
9934786
9935303
9935528
10068206
10068754
10068892
10068966
10069301
10083852
10084372
10084516
10093846
10093849
10093850
10093851
10093852
10093853
10093853
10093854
10093855
10093855
10093856
10093857
10093862
10093862
10093863
10093863
10093865
10093865
10093866
10093867
10093867
10095888
10095891
10095891
10099905
10099908
10099909
10103921
10103925
10104125
10104126
10105934
10106137
10106141
10109946
10110150
10110153
10113980
10114165
10203936
10204485
10204627
10471019
10471020
10668256
10668814
10668998
10669013
10679282
10679610
10800264
10800276
10800277
10800277
10800630
10800787
10800819
10800942
10800978
10801119
10802298
10806306
10810369
10813005
10813099
10813180
10813243
10813299
10814025
10814119
10814209
10814298
10814304
10814379
10814379
10814387
10814470
10814508
10814629
10814630
10814740
10814768
10814769
10818995
10819091
10819096
10819179
10819187
10819187
10819308
10819355
10819355
10819479
10819503
10819505
10819567
10819629
10819634
10819719
10819719
10819727
10819848
10819887
10819887
10820019
10820040
10820043
10825400
10825405
10825548
10825559
10825635
10825646
10825728
10825739
10825903
10825908
10825913
10826047
10826168
10826308
10826419
10826420
10826598
10826658
10826875
10827080
10828639
10829652
10829654
10829791
10829887
10834765
10835118
10835267
10841362
10841418
10841449
11103970
11104553
11104701
11113975
11113979
11113980
11113985
11113986
11113987
11113988
11113988
11113989
11113990
11113991
11113991
11113992
11113992
11113993
11113994
11113994
11114194
11114247
11114247
11114251
11114251
11114251
11114252
11114252
11114252
11114398
11114539
11114596
11114596
11114814
11114815
11114941
11114942
11116006
11116009
11116010
11116225
11116276
11116277
11116278
11120022
11120025
11120026
11120278
11120282
11120288
11129013
11131047
11134019
11134158
11134166
11134505
11134678
11134758
11135060
11135119
11135277
11156657
11158668
11162711
11194753
11195288
11195447
11224066
11224400
11224551
11268231
11270244
11274254
11278318
11734786
11735322
11735482
11786798
11786799
11786799
11868229
12124063
12124582
12124768
12134121
12134124
12134125
12134129
12134129
12134130
12134131
12134132
12134139
12134139
12134140
12134140
12134141
12134142
12134142
12134142
12134142
12134142
12134143
12134143
12134143
12134371
12134491
12134492
12134544
12134698
12134776
12136131
12136190
12136491
12136495
12140157
12140211
12140513
12140516
12144224
12146232
12150241
12154314
12156322
12160331
12227270
12232304
12237312
12239320
12243334
12244142
12244483
12244627
12247387
12252779
12257352
12262375
12265429
12270148
12274816
12279845
12284878
12289918
12438329
12438330
12468244
12625381
12625389
12625731
12625734
12625828
12625839
12625880
12625890
12626058
12626072
12626085
12626198
12626348
12626468
12626558
12626588
12626738
12626891
12627104
12627312
12628872
12629903
12629906
12630045
12630131
12634766
12635098
12635298
13068270
13080828
13080829
13080952
13144155
13144700
13144841
13154125
13154132
13154133
13154134
13154135
13154136
13154136
13154137
13154138
13154143
13154143
13154144
13154145
13154145
13154146
13154147
13154147
13154148
13154149
13154149
13154421
13154422
13154504
13154507
13154608
13154753
13154811
13154993
13156146
13156169
13156170
13156451
13156504
13160167
13160172
13160173
13160474
13160527
13164239
13164514
13264230
13264791
13264937
13534742
13535280
13535444
13668295
13728509
13728511
13728511
14164229
14164738
14164918
14174191
14174193
14174193
14174193
14174193
14174195
14174195
14174196
14174196
14174196
14174196
14174197
14174197
14174197
14174197
14174198
14174420
14174605
14174606
14174607
14174608
14174685
14174925
14174926
14174927
14176233
14176237
14176704
14180265
14180271
14180728
14184288
14268353
14268912
14269044
14269099
14284314
14284861
14285003
14363379
14363379
14400271
14400276
14400279
14400649
14400998
14401158
14401177
14401406
14401406
14401407
14401560
14401566
14401727
14401729
14401783
14401942
14402072
14402075
14402251
14402305
14402496
14404123
14408132
14412144
14415729
14425380
14425385
14425521
14425532
14425609
14425620
14425669
14425681
14425838
14425868
14425882
14425979
14426148
14426310
14426378
14426508
14426827
14427078
14427308
14428517
14429525
14429528
14429661
14429758
14434751
14435086
14435241
14435297
14435372
14692309
14692311
14692648
14692818
14868316
15017389
15017390
15017390
15052304
15052329
15052773
15052779
15052780
15052780
15052803
15052804
15053052
15053053
15053313
15053314
15053555
15053581
15053807
15053860
15094745
15095290
15095488
15184347
15184879
15185022
15185155
15185163
15185209
15185209
15185210
15185210
15185210
15185210
15185211
15185211
15185211
15185212
15185213
15185214
15185214
15185214
15185214
15185215
15185215
15185215
15185215
15185215
15185483
15185487
15185488
15185586
15187225
15187229
15187230
15187481
15191248
15191251
15191252
15191504
15215246
15215794
15215978
15228301
15230313
15234322
15241402
15241744
15241903
15273856
15274438
15275076
15294745
15304412
15304751
15304900
15334770
15335288
15335448
15468346
15653568
15653571
15692342
15692931
15693089
15693118
16068378
16200339
16200878
16201018
16204413
16204751
16204891
16214418
16214421
16214422
16214423
16214424
16214425
16214425
16214426
16214427
16214428
16214432
16214433
16214434
16214435
16214436
16214436
16214438
16214709
16214836
16214898
16215035
16215090
16215179
16215238
16215239
16215429
16215430
16216849
16217462
16217465
16220871
16221478
16221482
16225410
16225415
16225554
16225565
16225640
16225664
16225738
16225749
16225909
16225920
16225928
16226059
16226068
16226198
16226401
16226438
16226441
16226598
16226980
16227238
16227452
16228963
16230002
16230005
16230143
16230238
16244489
16245048
16245187
16296099
16296099
16296099
16324462
16324991
16325168
16648527
16648811
16648899
16669195
16920294
16920647
16934308
16934309
17135582
17136123
17136327
17225342
17225887
17226033
17235308
17235311
17235312
17235313
17235318
17235319
17235320
17235321
17235321
17235322
17235323
17235323
17235324
17235325
17235325
17235326
17235327
17235590
17235591
17235655
17235669
17235737
17235865
17235866
17235880
17235934
17236154
17236160
17236161
17237344
17237348
17237348
17237349
17237651
17241374
17241377
17241378
17241378
17241680
17245395
17245694
17269221
17345412
17345955
17346103
17596048
17596048
17869262
18001186
18001193
18001193
18001648
18001703
18001970
18003216
18026232
18026239
18026543
18026558
18026667
18026682
18026718
18026720
18026887
18026917
18026928
18027029
18027187
18027349
18027387
18027427
18027430
18027577
18027587
18027849
18028097
18028312
18029871
18030909
18030911
18031062
18031148
18035576
18035909
18036097
18192184
18192672
18245419
18245942
18246084
18250668
18250675
18251014
18251197
18255399
18255402
18255403
18255404
18255405
18255406
18255407
18255408
18255408
18255409
18255413
18255414
18255415
18255416
18255416
18255417
18255418
18255418
18255419
18255729
18255787
18255942
18256119
18256120
18257987
18258140
18258143
18262004
18262158
18262161
18335577
18336123
18336289
18365507
18366020
18366162
18469254
18891646
18891648
18935571
18936091
18936287
19069263
19265508
19266022
19266170
19275501
19275504
19275505
19275506
19275507
19275508
19275509
19275510
19275511
19275511
19275512
19275517
19275518
19275518
19275519
19275520
19275521
19275522
19275522
19275523
19275524
19275785
19275786
19275907
19275978
19276128
19276183
19276472
19277497
19277498
19277499
19278505
19281518
19281521
19281522
19282530
19385599
19386144
19386291
19517288
19517289
19517289
19669267
19826201
19826217
19826565
19826576
19826686
19826698
19826737
19826748
19826917
19826937
19826947
19827078
19827207
19827371
19827437
19827438
19827617
19827789
19828003
19828215
19829775
19830811
19830814
19830962
19831053
19835579
19835928
19836127
20132928
20132929
20269281
20285643
20286198
20286377
20292907
20292911
20293243
20295648
20295651
20295652
20295653
20295657
20295658
20295658
20295659
20295660
20295660
20295661
20295662
20295662
20295663
20295664
20295665
20295889
20295935
20296026
20296027
20296031
20296032
20296033
20296033
20296034
20296103
20296297
20296312
20296582
20297665
20298069
20298073
20301698
20302102
20302106
20303587
20303595
20305738
20322965
20323531
20323717
20405686
20406225
20406369
20735988
20736514
20736676
20754128
20754129
20754130
20869673
21306168
21306700
21306885
21307028
21307033
21316140
21316143
21316144
21316145
21316146
21316147
21316148
21316148
21316149
21316154
21316154
21316155
21316156
21316156
21316157
21316158
21316158
21316159
21316444
21316447
21316622
21316718
21316815
21316830
21316981
21318141
21318151
21318716
21322178
21322181
21322733
21326246
21337109
21337776
21337956
21377435
21377436
21426260
21426805
21426975
21469715
21601489
21601498
21601498
21601499
21602485
21602600
21602601
21602636
21602782
21602786
21602889
21602890
21603061
21603063
21603169
21603290
21603335
21603337
21603546
21603605
21612894
21612986
21613087
21613136
21613177
21626600
21626609
21626955
21626966
21627072
21627086
21627126
21627137
21627271
21627326
21627336
21627595
21627625
21627795
21627796
21627825
21628222
21628435
21628645
21630205
21631248
21631251
21631383
21631475
21635971
21636314
21636459
21640248
21640306
21640336
21948586
21949061
22003326
22003471
22003476
22003806
22003975
22069737
22261553
22261576
22262052
22262053
22262054
22262055
22262342
22262343
22262343
22262378
22262577
22262694
22262806
22262992
22263050
22263303
22326303
22326835
22326976
22327125
22327136
22327163
22327165
22327166
22327166
22327166
22327167
22327167
22327167
22327168
22327169
22327169
22327169
22327170
22327170
22327170
22327170
22327482
22327611
22327611
22327636
22327637
22327665
22327919
22329179
22333197
22337261
22337438
22355972
22356517
22356681
22357189
22357529
22357677
22445374
22445925
22446068
22496695
22497217
22503966
22535988
22536554
22536713
22636856
22636965
22636966
22637225
22637595
22655966
22669756
22892637
22893301
22893445
22893451
22893452
23269797
23277967
23277969
23345392
23345977
23346155
23346299
23346303
23351331
23351334
23351335
23351336
23351341
23351341
23351342
23351343
23351344
23351344
23351345
23351346
23351347
23351348
23351348
23351349
23351665
23351773
23351775
23351776
23351777
23351778
23351782
23351783
23351783
23351784
23353372
23353776
23353778
23353828
23357392
23357796
23357835
23357849
23364473
23366486
23370497
23376400
23376738
23376915
23394507
23394518
23396514
23400525
23426616
23426628
23426966
23426977
23427084
23427095
23427145
23427156
23427325
23427351
23427362
23427474
23427625
23427814
23427836
23427874
23427995
23428272
23428487
23428703
23430263
23431296
23431299
23431439
23431565
23435965
23436321
23436479
23465449
23466039
23466185
23869793
23927176
23927176
23927177
24335980
24336511
24336725
24365463
24366023
24366168
24366302
24366307
24366330
24366331
24366332
24366333
24366334
24366335
24366336
24366336
24366337
24366341
24366342
24366343
24366343
24366344
24366344
24366345
24366346
24366347
24366702
24366702
24366703
24366802
24366805
24366807
24368374
24368828
24368831
24369698
24370034
24370215
24372398
24372851
24372853
24381380
24383389
24387402
24396408
24396741
24396889
24407899
24409908
24413917
24469803
24485550
24486071
24486212
24587616
24587617
25069773
25182670
25183065
25201520
25201528
25201529
25201933
25201934
25202050
25216045
25216046
25226603
25226607
25227566
25227568
25227569
25227572
25227717
25227721
25227746
25227763
25227845
25227856
25227868
25227869
25227903
25227935
25227956
25227958
25228016
25228055
25228056
25228081
25228111
25228145
25228199
25228233
25228366
25228455
25228635
25228656
25228895
25229113
25230673
25231721
25231726
25231875
25231995
25235987
25236342
25236535
25385558
25386108
25386259
25386385
25386389
25395568
25395574
25395574
25395574
25395575
25395575
25395575
25395576
25395580
25395580
25395581
25395582
25395583
25395583
25395584
25395585
25395586
25395586
25395765
25395767
25395886
25395887
25397757
25401771
25505648
25506228
25506415
25523306
25523308
25523427
25523632
25523764
25669837
25704665
25705147
25834246
25834247
26135959
26136506
26136695
26269862
26405674
26406230
26406373
26415649
26415655
26415655
26415656
26415656
26415656
26415660
26415661
26415662
26415663
26415663
26415664
26415665
26415666
26415666
26415666
26415667
26415922
26415923
26415927
26415928
26415929
26415988
26415988
26416103
26416230
26416246
26416300
26416618
26416832
26417958
26421972
26457576
26457577
26525759
26526321
26526505
26869891
27001479
27002028
27002163
27026594
27026606
27026959
27026962
27027105
27027116
27027295
27027431
27027714
27027785
27027965
27028830
27028834
27029595
27030705
27031826
27031829
27033107
27034226
27035341
27035345
27035955
27036105
27036294
27036451
27037225
27038335
27038338
27039627
27039782
27039793
27039946
27039956
27040125
27040268
27040273
27040618
27040759
27040765
27040908
27041868
27042028
27042030
27043755
27043905
27045025
27045026
27047327
27047395
27047407
27047476
27047489
27047585
27047665
27047926
27048015
27049382
27050410
27050413
27050505
27050507
27050561
27087375
27087376
27425711
27426244
27426425
27435734
27435743
27435743
27435743
27435744
27435744
27435744
27435745
27435746
27435746
27435747
27435747
27435747
27435747
27435748
27435748
27435748
27435748
27435749
27436066
27436066
27436067
27436180
27436180
27436181
27436182
27437758
27437762
27438214
27441774
27441775
27442226
27469926
27545795
27546307
27546454
27719695
27719696
27935980
27936515
27936715
28069931
28358336
28358337
28445829
28446344
28446525
28446661
28446666
28446703
28446706
28446707
28446708
28446713
28446714
28446715
28446716
28446717
28446718
28446722
28446723
28446724
28446725
28446726
28446726
28446726
28446727
28447150
28447151
28448749
28449153
28452766
28453170
28456780
28476750
28477283
28477465
28565881
28566511
28566651
28669944
28801541
28801548
28801549
28802033
28802133
28802237
28802438
28802749
28802919
28803185
28803554
28803555
28803677
28803853
28803854
28804143
28804143
28804326
28805870
28808179
28809904
28812224
28813904
28816948
28826601
28826605
28826687
28826709
28826747
28826758
28826777
28826788
28826875
28826898
28826909
28826935
28826937
28827085
28827205
28827235
28827295
28827572
28827745
28829267
28830306
28830309
28830400
28830460
28835978
28836319
28836492
29003427
29003431
29003431
29003775
29003945
29270031
29270561
29270715
29270770
29460686
29461041
29465919
29466255
29466397
29466530
29466534
29475909
29475912
29475917
29475918
29475919
29475920
29475920
29475921
29475922
29475923
29475923
29475924
29475925
29475925
29475926
29476139
29476140
29476156
29476159
29476160
29476161
29476162
29476312
29476335
29476508
29476515
29476691
29477932
29478161
29481972
29482177
29521470
29521475
29521727
29521727
29521728
29521728
29521960
29521961
29522158
29522510
29522760
29523113
29526776
29531788
29536799
29541811
29585998
29586328
29586471
29679246
29679246
29735973
29736532
29736735
29855998
29856540
29856976
29870037
29870612
29870746
29870801
29876845
30330746
30330747
30330845
30470001
30486004
30486583
30486725
30496002
30496006
30496007
30496008
30496008
30496009
30496010
30496011
30496011
30496012
30496017
30496017
30496018
30496020
30496020
30496021
30496022
30496022
30496299
30496354
30496475
30496617
30496674
30496675
30496884
30496886
30496887
30498025
30498329
30502044
30502349
30606080
30606617
30606759
30626626
30626632
30626925
30626928
30626994
30627005
30627151
30627162
30627325
30627465
30627738
30627797
30627807
30627807
30627825
30627889
30627890
30627901
30627924
30627930
30627985
30627986
30628015
30628015
30628195
30628246
30628345
30628901
30628994
30628994
30629053
30629146
30635948
30636285
30636448
30992563
30992565
31049419
31049706
31049797
31070003
31506115
31506679
31506855
31516103
31516107
31516108
31516109
31516110
31516111
31516111
31516116
31516117
31516125
31516127
31516127
31516128
31516128
31516128
31516129
31516129
31516129
31516130
31516130
31516381
31516502
31516526
31516615
31516786
31516840
31517146
31518109
31518167
31518167
31518569
31522131
31522186
31522186
31522587
31526151
31526154
31626184
31626708
31626851
31663216
31663217
31670025
32258245
32258626
32270061
32362046
32362047
32362047
32401496
32401502
32401503
32401503
32401900
32402049
32402051
32402076
32402265
32412863
32413267
32413356
32413416
32413446
32426590
32426605
32426893
32426896
32426975
32426978
32426979
32426981
32427115
32427162
32427179
32427189
32427355
32427465
32427525
32427585
32427645
32427860
32428025
32429549
32430589
32430592
32430681
32430736
32435953
32436305
32436468
32440170
32440178
32440225
32440256
32440256
32440318
32440415
32440421
32440526
32440527
32440535
32440627
32440665
32440782
32440782
32440993
32441025
32441029
32441030
32526212
32526780
32526933
32536192
32536193
32536193
32536194
32536194
32536194
32536195
32536196
32536196
32536197
32536197
32536197
32536198
32536198
32536198
32536198
32536199
32536199
32536499
32536500
32536501
32536502
32536594
32536595
32536598
32536598
32538587
32538604
32542602
32542605
32646291
32646841
32647000
32712736
32712737
32713074
32713255
32870100
33081375
33081378
33216673
33217127
33335989
33336504
33336705
33470167
33470695
33470829
33470906
33546341
33546942
33547083
33556333
33556337
33556337
33556338
33556338
33556338
33556339
33556340
33556342
33556342
33556342
33556343
33556343
33556343
33556344
33556344
33556344
33556344
33556622
33556626
33556628
33556684
33556685
33556745
33558341
33558746
33562359
33562763
33665345
33665865
33666001
33809686
33809687
34070080
34226560
34226569
34226828
34226832
34226909
34226919
34226919
34226924
34227049
34227093
34227105
34227152
34227279
34227411
34227449
34227579
34227649
34227772
34227949
34229474
34230513
34230516
34230603
34230668
34235927
34236269
34236459
34553269
34553271
34565386
34565889
34566069
34575362
34575365
34575366
34575367
34575368
34575369
34575370
34575370
34575371
34575372
34575376
34575377
34575377
34575378
34575379
34575379
34575380
34575775
34575793
34575796
34575839
34575991
34576063
34576063
34577805
34581820
34590814
34592847
34596854
34618877
34670123
34685445
34686011
34686155
35135928
35136508
35136677
35270140
35303329
35303330
35585487
35586039
35586209
35595454
35595457
35595458
35595458
35595459
35595465
35595466
35595466
35595467
35595468
35595468
35595470
35595470
35595471
35595471
35595472
35595473
35595697
35595713
35595715
35595796
35595884
35595909
35596049
35596106
35596107
35596284
35596286
35596299
35596300
35596301
35597500
35597504
35597705
35598309
35601526
35601529
35601731
35602334
35605547
35705583
35706112
35706254
35870124
36001495
36001520
36001520
36001906
36002252
36002392
36002529
36002588
36002874
36002875
36003062
36003203
36003361
36003536
36003537
36003658
36003832
36003834
36003915
36004103
36004104
36004211
36006211
36010218
36014281
36026565
36026590
36026850
36026853
36026909
36026917
36026939
36026947
36027009
36027099
36027101
36027111
36027279
36027399
36027419
36027519
36027599
36027762
36027880
36027949
36029475
36030506
36030508
36030599
36030654
36035934
36036271
36036428
36064900
36064900
36064900
36457850
36458177
36458349
36470185
36605586
36606144
36606305
36615584
36615589
36615589
36615590
36615591
36615592
36615593
36615593
36615594
36615595
36615600
36615600
36615601
36615602
36615602
36615603
36615604
36615604
36615605
36616047
36616092
36616093
36616202
36616203
36616203
36616203
36617632
36618086
36621649
36622104
36725672
36726233
36726370
36751534
36751542
36751983
36751984
36751985
36751989
36752036
36752037
36752271
36752292
36752545
36752617
36752802
36752924
36753055
36753223
36755923
36756262
36756428
36857209
36857210
36935897
36936425
36936619
36972662
36973120
37070215
37077744
37078089
37078836
37098609
37625674
37626225
37626361
37635643
37635647
37635647
37635648
37635649
37635650
37635651
37635651
37635652
37635653
37635658
37635658
37635659
37635660
37635661
37635661
37635662
37635663
37635663
37635665
37635992
37636086
37636087
37636090
37636129
37636277
37636342
37636533
37637665
37638570
37641689
37642595
37655892
37656416
37656577
37670241
37686619
37686621
37745753
37746319
37746489
37801433
37801969
37802123
37826568
37826576
37826849
37826870
37826909
37826912
37826939
37826942
37827039
37827059
37827070
37827129
37827249
37827388
37827418
37827539
37827727
37827919
37829443
37830475
37830480
37830560
37830659
37835893
37836231
37836381
38270299
38430963
38431340
38563416
38563417
38645849
38646378
38646555
38646695
38646699
38655828
38655834
38655834
38655835
38655842
38655842
38655844
38655845
38655846
38655846
38655847
38655848
38655848
38655849
38655850
38656074
38656075
38656075
38656169
38656170
38656171
38656172
38656255
38656435
38656453
38656666
38657884
38658089
38661901
38662106
38665917
38675959
38676301
38676459
38676762
38677097
38677240
38735969
38736565
38736785
38765907
38766438
38766645
38870336
39361546
39361903
39470333
39475715
39475717
39601520
39601528
39601528
39601907
39602029
39602030
39626615
39626623
39626865
39626868
39626931
39626935
39626965
39626975
39627079
39627091
39627095
39627166
39627265
39627415
39627456
39627565
39627636
39627760
39627915
39629444
39630485
39630488
39630635
39631145
39631245
39631246
39665909
39666470
39666655
39666811
39666816
39666848
39666849
39666850
39666851
39666852
39666856
39666857
39666858
39666859
39666860
39666860
39666861
39666862
39666862
39666863
39667067
39667116
39667175
39667182
39667239
39667240
39667241
39667355
39667505
39667560
39667770
39668899
39669153
39672917
39673172
39696875
39697409
39697563
39785958
39786502
39786654
39953466
39953466
39953467
39953820
39953985
40070359
40429615
40429616
40429745
40535957
40536475
40536631
40670383
40686001
40686602
40686741
40686874
40686883
40686927
40686928
40686928
40686928
40686929
40686929
40686929
40686930
40686930
40686931
40686931
40686932
40686932
40686932
40686932
40687178
40687216
40687405
40687409
40687409
40687410
40687661
40689666
40693685
40716954
40717485
40717630
40728741
40729168
40806077
40806565
40806718
41270389
41401085
41401484
41401697
41401700
41426609
41426626
41426925
41426928
41426986
41427000
41427023
41427034
41427145
41427175
41427186
41427226
41427355
41427495
41427513
41427615
41427695
41427858
41428025
41429554
41430592
41430595
41430678
41430679
41430745
41435961
41436297
41436505
41706121
41706675
41706825
41706961
41706966
41706991
41706991
41706992
41706994
41706994
41706999
41707000
41707002
41707002
41707003
41707004
41707005
41707005
41707006
41707007
41707008
41707008
41707253
41707254
41707255
41707256
41707258
41707259
41707348
41707349
41707350
41737038
41737568
41737765
41826176
41826712
41826861
41870436
41872448
41876459
41880522
42335984
42336525
42336715
42391796
42391797
42391797
42470476
42726145
42726695
42726895
42727036
42727046
42727070
42727071
42727071
42727072
42727072
42727073
42727074
42727075
42727076
42727077
42727084
42727084
42727085
42727086
42727087
42727087
42727088
42727089
42727089
42727359
42727359
42727409
42727409
42727410
42727573
42757098
42757638
42757825
42846244
42846798
42846948
43070488
43201490
43201516
43201517
43201517
43201850
43202045
43202047
43202075
43202132
43202136
43202216
43202297
43202452
43202639
43202641
43202799
43202940
43203109
43203110
43212902
43212986
43213077
43213110
43213166
43216987
43226586
43226590
43226676
43226695
43226740
43226743
43226765
43226769
43226865
43226921
43226922
43226949
43227105
43227205
43227216
43227253
43227315
43227405
43227597
43227765
43228296
43229336
43229337
43229431
43229495
43235956
43236297
43236467
43240186
43240245
43240306
43396555
43396556
43396556
43396894
43397075
43670504
43746260
43746805
43746944
43747075
43747083
43747122
43747135
43747135
43747136
43747136
43747136
43747137
43747137
43747137
43747138
43747139
43747139
43747139
43747140
43747140
43747140
43747141
43747141
43747141
43747375
43747416
43747551
43747552
43749164
43749368
43752133
43753203
43753406
43777153
43777735
43777915
43866332
43866888
43867039
43955983
43956006
43956410
43956411
43956412
43956413
43956462
43956462
43956634
43956667
43956877
43956937
43957102
43957178
43957326
43957447
44135989
44136527
44136689
44270538
44298876
44299445
44299632
44315954
44316494
44316649
44318857
44442276
44442276
44442365
44484752
44485341
44491786
44492123
44492267
44492275
44492276
44492277
44492408
44492412
44766975
44767496
44767637
44767779
44767784
44776974
44776984
44776984
44776984
44776985
44776985
44776985
44776985
44776986
44776986
44776986
44776987
44776988
44776988
44777196
44777332
44777405
44777594
44777609
44777799
44779009
44779012
44783023
44783026
44787038
44871179
44886070
44886599
44886753
45027259
45027266
45027564
45027567
45027624
45027632
45027664
45027683
45027754
45027805
45027816
45027844
45027846
45027994
45028117
45028154
45028214
45028497
45028664
45029992
45031035
45031038
45031124
45031194
45036597
45036951
45037117
45450560
45450844
45450936
45471183
45493754
45493755
45493755
45786078
45786644
45786824
45786968
45786971
45796048
45796051
45796052
45796057
45796058
45796059
45796060
45796060
45796061
45796062
45796063
45796063
45796064
45796065
45796248
45796249
45796251
45796323
45796328
45796328
45796329
45796443
45796448
45796449
45796474
45796664
45796689
45796690
45798071
45798276
45798279
45802089
45802294
45802304
45906147
45906700
45906866
45936586
45937154
45937312
46071219
46531926
46532264
46532547
46532548
46671553
46802461
46802468
46802469
46802828
46802829
46802952
46806456
46806801
46806977
46807127
46807137
46807182
46807183
46807183
46807183
46807184
46807184
46807184
46807185
46807185
46807185
46807186
46807187
46807187
46807187
46807187
46807188
46807188
46807189
46807189
46807515
46807765
46807911
46809193
46809197
46813205
46813206
46827565
46827571
46828685
46828689
46828926
46828927
46828947
46828948
46828968
46828968
46829007
46829008
46829077
46829077
46829091
46829093
46829100
46829137
46829153
46829157
46829158
46829158
46829158
46829168
46829168
46829277
46829317
46829318
46829367
46829467
46829555
46829556
46829727
46831154
46832179
46832180
46832277
46832331
46837190
46837534
46837717
46848386
46850396
46926517
46927052
46927195
47051362
47051364
47051702
47051872
47097402
47097404
47097405
47097777
47271124
47271650
47582463
47736422
47736958
47737172
47761682
47761683
47826047
47826568
47826742
47826892
47826897
47826920
47826921
47826921
47826923
47826923
47826928
47826929
47826929
47826931
47826932
47826933
47826934
47826934
47826935
47826936
47827172
47827172
47827251
47827259
47827309
47827432
47827455
47827811
47827812
47828919
47828973
47828974
47832937
47832992
47832992
47837007
47837011
47839040
47843049
47847065
47847262
47857352
47857691
47857833
47871494
47946489
47947015
47947170
48241629
48242072
48242073
48471548
48472096
48472239
48472294
48602259
48602804
48602952
48627382
48627394
48627714
48627717
48627866
48627877
48628056
48628194
48628530
48628706
48628934
48628937
48629280
48629409
48630463
48630624
48630644
48630794
48630804
48630966
48631110
48631470
48631646
48632173
48633202
48633204
48633353
48633386
48636770
48637110
48637271
48702964
48702965
48702965
48846628
48847224
48847404
48847557
48847562
48847593
48847594
48847595
48847596
48847596
48847597
48847601
48847602
48847603
48847603
48847604
48847605
48847606
48847607
48847859
48847859
48847860
48847924
48848000
48848101
48848102
48848114
48848541
48848542
48848543
48877645
48878178
48878331
48966630
48967191
48967347
49071691
49072252
49072390
49072445
49536907
49537453
49537622
49671675
49835674
49835675
49835676
49866693
49867226
49867404
49867547
49867555
49867578
49867579
49867580
49867581
49867582
49867583
49867584
49867585
49867589
49867590
49867591
49867591
49867592
49867593
49867595
49867595
49867596
49867934
49868023
49868025
49868025
49868026
49868124
49868145
49868367
49868737
49869562
49869614
49869624
49873628
49873631
49877643
49877835
49897605
49898138
49898304
49986741
49987269
49987430
50271696
50402461
50402467
50402467
50403038
50403319
50403634
50403829
50404153
50404504
50404512
50404695
50406150
50406704
50408510
50410169
50410723
50412536
50412720
50414228
50414489
50414743
50414746
50414838
50415008
50415080
50415309
50415419
50418743
50422805
50427556
50427560
50427704
50427722
50427874
50427887
50428054
50428201
50428552
50428724
50429101
50429356
50429368
50429623
50429634
50429914
50430081
50430204
50430603
50430857
50431103
50432472
50433481
50433486
50433634
50433744
50436895
50437257
50437419
50871535
50886576
50887110
50887254
50896582
50896586
50896587
50896587
50896588
50896589
50896590
50896590
50896591
50896592
50896597
50896598
50896599
50896600
50896601
50896601
50896602
50896603
50896603
50896604
50896834
50896834
50896920
50896927
50897032
50898624
50902638
50915763
50915767
50915767
50915818
50926644
50927293
50927483
50984943
50984945
50985284
50985463
51006660
51007215
51007360
51170628
51170663
51171125
51171126
51171127
51171128
51171186
51171187
51171377
51171639
51171808
51171905
51172062
51172151
51172359
51172615
51336698
51337251
51337425
51375323
51375325
51375743
51471608
51520625
51521153
51521430
51540867
51906718
51907268
51907405
51907546
51907551
51907588
51907589
51907590
51907590
51907591
51907593
51907593
51907593
51907593
51907594
51907594
51907594
51907594
51907595
51907595
51907595
51907812
51907813
51907935
51908007
51909606
51909608
51909609
51909610
51909610
51913625
51913628
51913629
51913629
51913630
51917688
51917692
51917696
51917950
51917952
51918010
51937625
51938160
51938350
51950628
51952637
51956647
51963725
51964067
51964227
51997637
51997987
51997987
51997988
51997988
51997989
51997990
51997990
51997991
51997992
51997992
52026785
52027358
52027497
52071632
52072099
52072408
52144651
52144651
52144651
52227390
52227398
52227728
52227732
52227848
52227859
52227902
52227913
52228061
52228111
52228135
52228201
52228401
52228557
52228621
52228671
52228751
52229081
52229320
52229568
52231128
52232163
52232166
52232331
52232411
52236777
52237106
52237301
52671673
52672166
52672301
52672355
52927016
52927537
52927685
52927815
52927819
52927848
52927849
52927850
52927850
52927851
52927852
52927856
52927857
52927858
52927858
52927859
52927860
52927860
52927861
52928059
52928112
52928177
52928224
52928226
52928353
52928353
52928358
52928359
52928367
52957914
52958431
52958585
53047076
53047605
53047760
53136954
53137502
53137670
53271780
53315967
53315967
53315968
53871859
53873875
53877887
53881949
53910990
53911367
53947128
53947692
53947836
53957121
53957125
53957126
53957126
53957127
53957128
53957129
53957130
53957130
53957131
53957132
53957137
53957138
53957139
53957140
53957140
53957141
53957141
53957142
53957143
53957144
53957455
53957458
53957581
53957583
53957584
53959155
53963171
54002490
54002501
54002502
54002502
54002889
54003001
54003038
54003070
54003187
54012874
54012885
54012968
54012968
54013086
54013089
54013177
54013183
54013183
54013228
54013258
54013266
54013266
54013358
54013397
54013514
54013514
54013647
54013668
54013669
54013908
54014007
54014012
54014088
54014088
54014096
54014227
54014292
54014297
54014417
54014439
54014448
54018857
54018949
54018955
54019037
54019039
54019046
54019207
54019233
54019234
54019367
54019388
54019398
54019453
54019527
54019534
54019637
54019643
54019646
54019767
54019825
54019825
54019937
54019960
54019962
54027606
54027610
54027877
54027890
54028147
54028158
54028427
54028618
54028707
54029070
54029224
54029347
54029599
54029764
54029911
54029921
54030056
54030067
54030237
54030377
54030709
54030867
54032394
54033429
54033431
54033572
54033691
54036941
54037283
54037418
54041248
54041307
54041377
54067191
54067732
54067896
54379598
54379598
54379599
54379957
54471897
54478421
54478760
54478937
54967232
54967830
54967984
54977208
54977211
54977212
54977213
54977214
54977219
54977220
54977221
54977222
54977222
54977223
54977224
54977225
54977225
54977226
54977227
54977228
54977414
54977465
54977466
54977553
54977554
54977657
54977817
54977872
54978165
54978501
54978502
54979229
54979232
54979482
54983246
54983249
54983501
54987314
54987316
54987551
55071936
55087322
55087855
55088004
55623251
55623252
55623374
55671469
55753429
55753869
55827150
55827165
55827539
55827550
55827655
55827666
55827715
55827727
55827894
55827945
55827956
55828071
55828104
55828264
55828424
55828451
55828542
55828574
55828912
55829159
55829409
55830968
55832009
55832012
55832163
55832275
55836522
55836869
55837050
55987162
55987774
55987936
55997173
55997175
55997175
55997175
55997176
55997176
55997176
55997177
55997178
55997185
55997185
55997186
55997186
55997186
55997187
55997187
55997187
55997188
55997188
55997641
55997644
55997748
55997749
55997864
55998035
55998071
55998366
55998367
55998367
56016775
56017312
56017475
56107230
56107750
56107909
56271772
56273783
56277793
56281857
56702231
56702572
56736762
56737301
56737476
56738225
56738226
56871772
57007257
57007783
57007975
57017263
57017275
57017276
57017276
57017276
57017276
57017277
57017277
57017277
57017277
57017278
57017278
57017278
57017278
57017278
57017279
57017279
57017280
57017668
57017745
57017882
57017911
57017911
57018141
57018147
57018286
57018571
57019315
57020169
57023333
57024188
57027349
57127341
57127863
57128019
57406496
57406503
57406503
57406844
57471784
57472260
57602326
57602333
57602333
57602807
57603146
57603345
57603365
57603671
57603671
57603967
57603968
57604200
57604254
57604355
57604596
57604667
57604863
57604923
57605072
57605162
57605345
57605523
57606240
57610249
57614262
57617802
57627405
57627410
57627556
57627567
57627669
57627680
57627729
57627741
57627905
57627965
57627976
57628053
57628245
57628386
57628445
57628505
57628575
57628892
57629142
57629390
57630948
57631952
57631954
57632097
57632205
57636774
57637125
57637291
57863465
57863469
57863798
57863975
58027581
58028101
58028246
58028397
58028400
58028426
58028427
58028428
58028428
58028430
58028430
58028431
58028435
58028436
58028437
58028438
58028439
58028439
58028440
58028441
58028441
58028760
58028776
58028868
58028868
58028939
58028965
58029288
58030460
58030463
58030464
58030465
58034469
58034472
58034472
58038487
58038785
58057006
58057579
58057733
58072045
58147657
58148250
58148399
58378935
58378962
58379395
58379396
58379397
58379398
58379401
58379402
58379703
58379905
58379940
58380169
58380393
58380502
58380852
58381368
58417042
58417602
58417868
58537023
58537592
58537770
58672073
58742082
58742599
58742994
58762961
58970860
58970861
59047699
59048235
59048419
59048586
59048590
59048642
59048642
59048642
59048644
59048644
59048644
59048644
59048645
59048645
59048645
59048645
59048646
59048646
59048967
59048989
59049104
59049105
59049106
59049106
59049107
59049107
59049169
59049182
59049183
59049235
59049493
59049501
59051134
59055149
59130880
59130881
59130886
59131218
59160938
59161464
59161649
59167790
59168138
59168280
59271871
59402316
59402857
59402995
59427477
59427488
59427831
59427834
59427955
59427966
59427978
59427988
59428147
59428228
59428231
59428297
59428517
59428637
59428689
59428778
59428817
59429143
59429389
59429641
59431201
59432233
59432236
59432397
59432505
59436801
59437134
59437296
59509730
59510282
59510288
59851274
59851568
59851660
59871892
60031798
60032178
60067624
60068209
60068362
60068520
60068528
60068545
60068546
60068550
60068551
60068554
60068555
60068556
60068557
60068560
60068561
60068561
60068562
60068565
60068566
60068567
60068568
60068568
60068569
60068570
60068570
60068868
60068987
60070543
60070546
60074561
60074565
60095758
60095758
60098565
60098900
60099117
60187677
60188249
60188409
60337335
60337842
60338049
60472448
60932375
60932746
61072488
61088211
61088746
61088916
61089056
61089061
61089090
61089091
61089092
61089093
61089093
61089094
61089098
61089100
61089100
61089101
61089102
61089102
61089103
61089104
61089105
61089105
61089106
61089383
61089427
61089481
61089483
61089568
61091095
61095128
61119123
61119661
61119857
61129729
61131738
61135748
61142818
61143151
61143314
61201412
61201413
61202190
61202193
61202194
61202398
61202526
61202606
61204199
61207561
61207895
61208082
61208195
61212254
61227258
61227265
61227589
61227600
61227741
61227752
61227922
61228077
61228421
61228592
61228770
61228908
61228919
61229047
61229059
61229222
61229353
61229375
61229656
61229786
61229915
61231475
61232507
61232510
61232659
61232659
61236627
61236992
61237221
61671833
61673846
61677857
61681870
61754413
61754413
61754414
61754758
61754932
62107592
62108117
62108282
62108442
62108448
62108470
62108471
62108472
62108472
62108473
62108474
62108475
62108476
62108479
62108480
62108481
62108481
62108482
62108483
62108483
62108486
62108487
62108488
62108775
62108776
62108846
62108847
62108849
62108850
62110517
62110813
62114527
62114832
62138524
62139058
62139242
62156313
62156315
62156649
62186348
62186914
62187112
62227655
62228183
62228328
62271853
62299632
62299633
62871888
62894671
62895062
63028019
63028026
63028363
63028367
63028477
63028491
63028544
63028555
63028717
63028739
63028749
63028857
63029017
63029170
63029197
63029291
63029386
63029567
63029799
63030037
63030849
63031882
63031887
63032027
63032138
63037351
63037707
63037865
63128400
63128971
63129134
63129272
63129277
63129298
63129299
63129300
63129301
63129301
63129302
63129303
63129304
63129304
63129305
63129309
63129310
63129311
63129312
63129312
63129313
63129314
63129314
63129315
63129315
63129913
63130055
63130056
63131343
63131343
63135377
63135380
63139378
63139381
63139586
63141389
63145398
63149463
63159348
63159702
63159887
63248490
63249049
63249221
63266281
63266640
63266641
63383237
63383237
63472625
63937351
63937883
63938097
64072655
64148530
64149062
64149257
64149394
64149399
64158511
64158514
64158515
64158516
64158517
64158518
64158519
64158520
64158523
64158524
64158525
64158525
64158526
64158527
64158527
64158528
64158813
64158915
64158915
64158919
64158964
64159103
64159147
64159168
64159169
64160509
64160512
64164524
64164529
64179473
64180006
64180156
64268543
64269153
64269321
64476327
64476328
64476447
64672883
64803053
64803077
64803078
64803078
64803542
64803543
64803610
64803675
64803731
64803821
64803847
64804062
64804181
64804292
64804591
64804918
64805574
64806228
64806935
64809594
64810249
64810956
64812863
64812878
64812947
64812948
64813041
64813044
64813105
64813107
64813111
64813157
64813187
64813196
64813196
64813309
64813347
64813510
64813510
64813615
64813697
64813718
64813719
64813842
64814033
64814236
64814322
64814996
64828176
64828191
64828555
64828561
64828587
64828597
64828727
64828738
64828767
64828777
64828911
64828947
64829066
64829097
64829273
64829397
64829487
64829547
64829680
64831239
64832269
64832272
64832417
64832417
64837544
64837891
64838049
64840182
64840267
64840327
65005097
65005098
65005098
65005429
65005607
65095988
65095990
65096357
65168777
65169301
65169497
65169646
65169651
65169654
65169655
65169655
65169656
65169656
65169658
65169658
65169658
65169659
65169659
65169659
65169660
65169660
65169660
65169661
65169661
65169661
65169905
65169906
65169907
65169914
65169915
65169916
65169983
65169984
65169987
65170045
65171681
65171684
65171898
65171951
65175695
65175696
65175947
65179754
65179757
65199733
65200302
65200497
65272897
65288824
65289447
65289607
65540187
65540188
65583064
65583088
65583532
65583533
65583534
65583534
65583780
65583780
65583808
65584083
65584341
65584586
65585096
65588563
65593574
65598585
65598908
65617538
65618102
65618297
65737295
65738198
65738386
65872634
65962395
65962954
65965052
65982373
66092219
66092727
66092880
66092904
66092905
66094934
66098950
66188592
66189133
66189305
66189456
66189460
66198581
66198584
66198585
66198586
66198587
66198588
66198589
66198590
66198591
66198591
66198592
66198596
66198597
66198598
66198598
66198599
66198600
66198600
66198601
66199215
66199239
66199417
66199438
66199762
66200601
66200606
66200606
66200606
66200606
66202305
66202309
66202330
66204606
66204610
66204610
66204611
66208683
66308647
66309183
66309357
66472633
66568928
66568929
66627928
66627938
66628246
66628249
66628361
66628372
66628420
66628431
66628597
66628620
66628630
66628747
66628897
66629043
66629102
66629159
66629287
66629442
66629679
66629921
66631480
66632521
66632524
66632704
66632795
66637284
66637620
66637837
67022219
67022711
67022727
67072681
67208666
67209215
67209357
67209495
67209497
67218670
67218673
67218674
67218675
67218676
67218677
67218683
67218684
67218684
67218692
67218693
67218693
67218694
67218695
67218696
67218696
67219003
67219097
67219103
67219117
67219177
67219381
67219382
67219383
67219387
67219685
67219689
67219690
67219692
67219693
67219694
67328770
67329312
67329458
67537284
67537854
67538059
67554477
67554478
67554478
67672774
67673320
67673497
67673514
68229158
68229749
68229899
68230054
68230058
68239136
68239139
68239140
68239141
68239142
68239144
68239150
68239155
68239163
68239163
68239164
68239164
68239165
68239165
68239166
68239166
68239166
68239531
68239532
68239537
68239538
68239538
68241197
68245211
68249225
68249515
68249515
68260129
68261144
68261364
68261553
68273128
68273686
68273820
68273875
68349255
68349793
68349938
68403186
68403193
68403193
68403609
68403701
68403921
68405190
68428250
68428274
68428603
68428611
68428724
68428735
68428784
68428794
68428963
68428994
68429015
68429111
68429274
68429414
68429474
68429528
68429663
68429902
68430135
68430376
68431136
68432171
68432174
68432313
68432427
68437635
68437976
68438167
68572434
68572436
68572436
68572783
68572973
68873059
69167332
69167681
69249170
69249725
69249868
69250008
69250012
69250039
69250039
69250040
69250041
69250042
69250042
69250043
69250044
69250045
69250046
69250047
69250050
69250051
69250052
69250053
69250053
69250054
69250055
69250055
69250056
69250371
69250476
69250514
69250515
69250515
69250551
69250666
69250796
69252041
69252495
69252547
69256059
69256515
69256568
69280122
69280679
69280837
69337524
69338071
69338250
69369221
69369761
69369911
69473006
69579701
69579702
69579702
70073032
70174752
70175161
70203073
70203599
70203745
70228140
70228149
70228484
70228492
70228498
70228510
70228638
70228649
70228667
70228678
70228821
70228861
70228971
70229001
70229301
70229311
70229471
70229511
70229612
70231181
70232225
70232228
70232362
70232362
70269248
70269756
70269906
70270039
70270042
70270060
70270062
70270063
70270064
70270065
70270066
70270067
70270067
70270071
70270072
70270073
70270074
70270074
70270075
70270076
70270077
70270078
70270327
70270339
70270340
70272086
70276121
70300102
70300639
70300821
70389328
70389873
70390026
70469534
70575452
70575452
70603602
70603949
70673035
70675047
70778672
70779150
70779151
70779152
70779152
71137709
71138249
71138476
71273243
71273719
71273994
71289594
71290135
71290300
71290453
71290457
71290489
71290490
71290491
71290492
71290492
71290493
71290497
71290498
71290498
71290499
71290500
71290501
71290501
71290502
71290503
71290807
71290820
71290823
71290825
71290825
71290893
71290996
71291009
71291010
71292513
71292516
71292517
71296520
71296523
71296524
71300588
71300591
71300592
71300786
71300788
71300956
71300961
71302960
71306970
71317724
71318066
71318209
71320516
71320866
71321007
71409651
71410217
71410394
71571437
71571437
71873302
71873862
71874056
71874070
71874350
72003117
72003124
72003124
72003647
72003648
72003718
72003836
72003837
72003925
72004038
72004140
72004293
72004371
72004436
72004438
72004565
72004566
72004637
72004817
72004908
72018606
72028186
72028190
72028342
72028353
72028458
72028469
72028552
72028563
72028742
72028762
72028772
72028906
72029062
72029272
72029293
72029323
72029327
72029424
72029462
72029570
72029571
72029582
72029713
72029751
72029773
72029942
72029992
72030102
72030105
72030232
72030340
72030352
72030412
72030632
72030765
72032274
72033276
72033278
72033415
72033532
72037589
72037945
72038109
72309517
72310062
72310193
72310333
72310342
72310356
72310358
72310358
72310359
72310359
72310359
72310360
72310360
72310360
72310360
72310361
72310362
72310362
72310363
72310363
72310363
72310363
72310364
72310364
72310364
72310676
72310766
72310767
72312391
72312395
72316418
72316421
72340418
72341000
72341212
72429622
72430195
72430353
72473142
72570962
72570963
72570963
72571329
72571502
72804346
72804356
72804780
72804781
72804781
72804782
72805000
72805000
72805001
72805215
72805460
72805576
72805690
72806268
72806369
72806954
72807651
72817655
72818007
72818223
72937625
72938207
72938494
73073244
73183697
73184274
73184561
73203129
73292575
73293103
73293231
73293249
73329728
73330306
73330450
73339726
73339736
73339736
73339736
73339736
73339737
73339737
73339738
73339739
73339740
73339741
73339742
73339742
73339743
73339744
73339745
73339746
73339747
73340126
73340127
73340169
73340170
73340176
73340176
73340273
73357640
73358213
73358391
73449782
73450328
73450477
73466986
73466993
73467356
73467367
73467471
73467482
73467529
73467540
73467695
73467736
73467746
73467830
73467863
73468025
73468097
73468130
73468262
73468286
73468431
73468599
73468834
73469073
73470632
73471396
73471529
73471530
73472047
73472284
73472285
73472605
73472845
73472907
73473368
73474350
73474586
73474637
73475146
73475826
73476078
73502845
73502846
73502846
73503111
73503113
73504731
73505067
73505254
73532293
73532294
73532438
73532440
73532563
73532565
73537583
73537938
73538152
73561673
73561813
73561815
73561903
73562180
73562182
73574434
73574436
73574436
73592394
73592396
73592433
73592582
73592583
73597555
73597892
73598083
73611593
73611596
73611951
73621273
73621409
73621411
73621603
73621863
73621865
73652544
73652545
73652583
73652717
73652719
73673190
73680303
73680547
73680548
73681273
73681413
73681414
73711413
73711413
73711549
73711551
73711672
73711674
73740893
73741141
73741143
73741273
73741413
73741414
73771573
73771573
73771704
73771706
73771822
73771823
73802263
73802265
73802303
73802413
73802414
73828231
73828254
73828585
73828593
73828597
73828608
73828734
73828748
73828764
73828775
73828923
73828953
73829071
73829072
73829100
73829347
73829473
73829558
73829623
73829783
73829941
73830623
73830883
73830885
73831363
73831441
73831533
73831534
73832473
73832476
73832620
73832621
73837594
73837936
73838143
73861223
73861253
73861274
73861275
73861403
73861405
73890623
73890870
73890872
73891213
73891354
73891355
73920093
73920337
73920339
73921333
73921470
73921472
73937238
73937244
73937680
73937763
73937894
74005319
74005614
74005715
74031631
74031934
74032026
74032087
74032093
74032174
74032178
74032178
74032234
74032234
74032264
74032265
74032265
74032265
74032324
74032325
74032325
74032325
74032354
74032355
74032356
74032356
74032356
74032356
74032356
74032357
74032415
74032417
74032417
74032417
74032417
74032417
74032417
74032418
74252516
74273216
74349759
74350365
74350549
74350699
74350704
74350722
74350723
74350724
74350725
74350725
74350729
74350730
74350730
74350732
74350732
74350733
74350734
74350735
74350736
74350994
74351083
74351192
74351243
74351244
74351245
74351273
74351444
74351445
74351447
74351448
74351449
74353476
74357513
74380768
74381343
74381505
74470058
74470642
74470800
74527809
74527833
74527833
74527833
74527833
74528233
74528394
74528673
74528743
74528746
74528863
74528864
74528872
74528997
74529033
74529073
74529270
74529271
74529761
74529762
74529783
74529785
74529785
74529786
74529786
74530753
74534113
74534781
74534884
74540833
74554273
74581153
74642123
74642124
74642124
74737769
74738375
74738613
74770173
74873425
75332780
75333122
75370012
75370573
75370722
75380050
75380063
75380063
75380063
75380064
75380064
75380064
75380064
75380065
75380065
75380065
75380065
75380066
75380066
75380066
75380066
75380066
75380067
75380413
75380494
75380653
75380710
75380711
75380958
75381083
75382083
75382087
75386099
75386102
75390116
75390395
75473440
75490092
75490653
75490803
75603317
75603328
75603329
75603329
75603730
75603877
75603920
75603937
75604079
75605361
75609371
75612925
75612945
75613016
75613049
75613125
75613145
75613203
75613223
75613229
75613254
75613313
75613322
75613322
75613381
75613414
75613453
75613567
75613568
75613703
75613741
75613742
75618907
75619003
75619008
75619083
75619085
75619096
75619217
75619217
75619349
75619349
75619383
75619453
75619458
75619533
75619542
75619542
75619663
75619692
75619693
75619803
75619825
75619827
75628398
75628403
75628534
75628545
75628556
75628567
75628683
75628696
75628710
75628721
75628873
75628893
75629013
75629043
75629045
75629296
75629353
75629483
75629553
75629633
75629683
75631243
75632257
75632260
75632396
75632433
75637772
75638112
75638256
75641143
75641144
75641203
75641205
75641205
75641273
75641273
75641293
75641302
75641302
75641423
75641449
75641449
75641563
75641584
75641585
75686593
75686594
76073235
76203453
76203790
76203972
76389917
76390453
76390620
76390762
76390773
76390790
76390791
76390792
76390793
76390794
76390795
76390796
76390797
76390798
76390798
76390802
76390803
76390803
76390804
76390805
76390805
76390806
76390807
76391111
76391224
76391302
76391347
76391654
76417571
76418082
76418262
76420831
76421198
76421349
76509683
76510218
76510375
76537284
76537812
76537974
76672931
76711299
76711299
76711300
77272973
77306505
77306913
77408899
77409445
77409588
77409729
77409732
77418858
77418864
77418868
77418868
77418869
77418870
77418871
77418871
77418872
77418872
77418873
77418874
77418875
77418876
77419048
77419145
77419146
77419147
77419147
77419199
77419200
77419282
77419282
77419309
77419494
77419519
77419520
77419828
77419829
77421237
77421290
77421843
77425242
77425846
77428105
77428109
77428249
77428256
77428261
77428272
77428404
77428419
77428432
77428443
77428593
77428613
77428732
77428756
77428757
77428759
77429004
77429115
77429154
77429304
77429314
77429466
77429921
77430193
77430295
77430295
77430419
77430420
77437428
77437773
77437942
77528984
77529514
77529676
77746984
77746985
77873180
78291356
78291817
78337356
78337904
78338102
78428893
78429460
78429642
78429789
78429792
78429825
78429826
78429827
78429827
78429828
78429829
78429830
78429833
78429834
78429835
78429835
78429836
78429837
78429837
78429838
78429839
78430392
78430393
78430394
78430395
78457335
78457908
78458182
78459853
78460202
78460349
78473109
78475142
78479162
78483175
78548943
78549528
78549703
78760724
78760726
78760726
78761672
79073657
79203442
79203450
79203451
79203940
79204280
79204451
79204478
79204734
79204736
79204737
79204997
79205065
79205066
79205204
79205206
79205315
79205396
79205526
79205636
79205706
79205707
79205826
79205827
79228530
79228540
79228879
79228882
79228901
79228904
79229022
79229032
79229059
79229069
79229221
79229251
79229292
79229324
79229352
79229421
79229617
79229711
79229762
79229855
79229882
79230011
79231571
79232622
79232625
79232760
79232783
79237896
79238226
79238404
79449503
79450048
79450214
79450376
79450379
79450385
79450386
79450386
79450386
79450387
79450387
79450387
79450388
79450389
79450389
79450389
79450390
79450390
79450390
79450390
79450391
79450391
79450392
79450681
79450853
79450915
79450916
79450986
79451169
79451170
79452432
79453185
79456458
79457213
79477898
79478471
79478741
79480460
79480803
79480946
79569589
79570151
79570294
79673693
79776102
79776104
79776104
79776459
79776661
80007920
80007929
80008395
80008395
80008396
80008396
80008622
80008623
80008624
80008674
80008856
80008958
80009079
80009192
80009324
80009437
80009944
80137879
80138488
80138967
80273720
80403448
80404034
80404285
80424305
80469620
80470169
80470317
80470462
80470472
80470495
80470496
80470501
80470505
80470507
80470510
80470512
80470512
80470513
80470515
80470515
80470515
80470516
80470516
80470516
80470517
80470517
80470517
80470780
80470781
80470877
80470964
80470968
80470969
80471117
80472523
80472524
80473125
80476537
80476555
80477157
80510760
80512768
80516776
80523892
80524237
80524451
80589676
80590264
80590412
80788621
80788622
80873762
81003399
81003954
81004131
81028529
81028552
81028942
81028953
81029095
81029106
81029261
81029397
81029651
81029742
81029901
81030040
81030763
81030767
81031531
81032651
81033761
81033764
81035040
81035191
81035211
81035371
81035382
81035551
81035671
81035701
81035947
81036075
81036204
81037764
81037871
81038206
81038369
81038779
81038782
81038915
81038915
81473782
81489673
81490235
81490385
81490517
81490521
81499643
81499646
81499646
81499647
81499653
81499654
81499655
81499655
81499656
81499657
81499658
81499658
81499659
81499659
81499660
81499661
81499662
81499917
81499973
81499974
81499976
81500067
81500068
81500104
81500106
81502071
81502074
81506085
81506088
81529674
81530231
81530421
81609748
81610313
81610457
81811272
81811273
81937880
81938452
81938711
82047913
82048252
82073817
82509967
82510522
82510695
82511603
82519980
82519984
82519984
82519985
82519986
82519987
82519988
82519988
82519989
82519990
82519991
82519992
82519996
82519996
82519997
82519998
82519998
82519999
82520000
82520350
82520399
82520486
82520676
82520823
82520878
82520879
82522008
82522009
82526021
82526024
82538128
82538478
82538635
82615236
82615238
82618249
82630017
82630544
82630726
82674068
82803682
82803707
82803707
82804141
82804232
82804233
82807025
82807029
82828737
82828747
82829043
82829054
82829067
82829081
82829196
82829206
82829219
82829229
82829376
82829406
82829489
82829526
82829527
82829556
82829787
82829836
82829927
82829988
82830082