0
1
34321
34796
34930
168090
168567
168680
319541
763094
763360
768356
768480
768481
810180
810181
810181
919579
920057
920180
920270
920344
934361
934848
934970
944331
944340
944340
944341
944341
944341
944342
944342
944344
944345
944346
944347
944348
944349
944349
944350
944351
944642
944747
944748
944749
944750
944751
944751
946355
950334
1045626
1045632
1045632
1045632
1046150
1046155
1046157
1046158
1046261
1046324
1046351
1051905
1051925
1051990
1051991
1052083
1052086
1052141
1052147
1052147
1052204
1052231
1052237
1052240
1052332
1052370
1052490
1052495
1052650
1052671
1052672
1054455
1054734
1054820
1068083
1068563
1068690
1070747
1070752
1070886
1070892
1070898
1070909
1071040
1071051
1071070
1071081
1071220
1071250
1071340
1071360
1071400
1071403
1071633
1071700
1071786
1071890
1071940
1072021
1072832
1073874
1073877
1074014
1074015
1079201
1079260
1079295
1210830
1210831
1210831
1211117
1211240
1519554
1520045
1610140
1610141
1954472
1954945
1955070
1964467
1964471
1964471
1964472
1964473
1964474
1964476
1964477
1964478
1964491
1964492
1964493
1964493
1964494
1964495
1964495
1964496
1964497
1964498
1964501
1964501
1964927
1964933
1964934
1964934
1964935
1964935
1966948
1966951
1970965
1970969
2058150
2058243
2058246
2058253
2067359
2067635
2073524
2073824
2073950
2097396
2097842
2097930
2119592
2406309
2406311
2719625
2748083
2748608
2748820
2808064
2808530
2808642
2868085
2868537
2868650
2870757
2870762
2870889
2870901
2870901
2870912
2871049
2871060
2871073
2871083
2871240
2871260
2871371
2871401
2871403
2871404
2871659
2871777
2871803
2871930
2871950
2872080
2873638
2874684
2874687
2874817
2874818
2973524
2974030
2974141
2983541
2983543
2983544
2983544
2983545
2983546
2983546
2983546
2983547
2983547
2983547
2983548
2983548
2983549
2983550
2983550
2983550
2983551
2983551
2983551
2983552
2983935
2983936
2983937
2985547
2985551
2989564
2989568
3094095
3094597
3094716
3206757
3206758
3320148
3320499
3657020
3657029
3657511
3657512
3657517
3657517
3657655
3657657
3657828
3657958
3658133
3658391
3658427
3658718
3658820
3659241
3768573
3769064
3769216
3920179
3994096
3994590
3994676
3994776
3994779
3994797
3994798
3994799
3994799
3994800
3994800
3994800
3994801
3994801
3994801
3994801
3994802
3994802
3994803
3994954
3995059
3995060
3995061
3995096
3995100
3995226
3995242
3995243
3995311
3995312
3995451
3995629
3996837
3997140
3997341
3997345
4000848
4001150
4001352
4001355
4004863
4005108
4005109
4011031
4011034
4024727
4025261
4025417
4113970
4114432
4114519
4367727
4367758
4368325
4368326
4520108
4520596
4520707
4520763
4646076
4646083
4646084
4646635
4648093
4648647
4652105
4652659
4661672
4668490
4668774
4668897
4671103
4671108
4671241
4671252
4671253
4671263
4671387
4671398
4671427
4671437
4671577
4671607
4671717
4671720
4671720
4671750
4671994
4672021
4672147
4672168
4672297
4672298
4673859
4674892
4674895
4675032
4675067
4792507
4792508
4792508
4792797
4792927
5014019
5014536
5014647
5024040
5024041
5024041
5024042
5024042
5024042
5024043
5024043
5024047
5024047
5024048
5024048
5024048
5024050
5024050
5024050
5024051
5024057
5024057
5024497
5024577
5024667
5024741
5024741
5024964
5026074
5030083
5120090
5134106
5134624
5134742
5559227
5559228
5559228
5568439
5568727
5568917
5719910
5721918
5725930
5729996
5732004
5736021
5740088
6033941
6034447
6034560
6034648
6034658
6034674
6034675
6034676
6034677
6034678
6034680
6034680
6034685
6034685
6034686
6034687
6034688
6034689
6034690
6034691
6034691
6034692
6034958
6034968
6035109
6035117
6035178
6035225
6035263
6035264
6035554
6035556
6036157
6036709
6036712
6037567
6037568
6038174
6040732
6040735
6041563
6041566
6042220
6048273
6048546
6048668
6064752
6065247
6065349
6108290
6108797
6108969
6138290
6138292
6138345
6154030
6154537
6154687
6162708
6162998
6163667
6163757
6182722
6314200
6314202
6314263
6319959
6321966
6325978
6330050
6445838
6446407
6446518
6468271
6468757
6468903
6470960
6470964
6471100
6471107
6471121
6471151
6471278
6471285
6471315
6471330
6471467
6471527
6471608
6471638
6471698
6471870
6471958
6472067
6472109
6472199
6472258
6472965
6473996
6473999
6474138
6474168
6899229
6899548
6899639
6919991
7054047
7054503
7054591
7054678
7054682
7054714
7054715
7054715
7054728
7054729
7054730
7054733
7054734
7054735
7054735
7054736
7054737
7054738
7054738
7054978
7055050
7055051
7055051
7055107
7055111
7055405
7055406
7055407
7056756
7056762
7060789
7060793
7061107
7068275
7068557
7068676
7069757
7069757
7174099
7174623
7174747
7209641
7368281
7368820
7368947
7520002
7522013
7526026
7530047
7827098
7827099
7827099
7968604
7969114
8074130
8074591
8074747
8084086
8084089
8084090
8084091
8084092
8084092
8084093
8084099
8084100
8084101
8084102
8084103
8084103
8084105
8084105
8084106
8084107
8084107
8084108
8084109
8084279
8084334
8084437
8084439
8084534
8084534
8084535
8084535
8086115
8086577
8086581
8087745
8088019
8088138
8088291
8088554
8088677
8090146
8090600
8090603
8094152
8094455
8114127
8114607
8114718
8120028
8120172
8194209
8194746
8194868
8245841
8245846
8245846
8246352
8246353
8246442
8268281
8268767
8268877
8270934
8270939
8271078
8271089
8271107
8271122
8271248
8271259
8271287
8271298
8271447
8271518
8271537
8271578
8271638
8271675
8271813
8271937
8271961
8272079
8272108
8272228
8273789
8274824
8274826
8274968
8274993
8587388
8587389
8587390
8587675
8587797
8720072
8720636
8748310
8748847
8748958
9094242
9094747
9094828
9094955
9094958
9094989
9094994
9094995
9094996
9094997
9094998
9094998
9094999
9095003
9095006
9095008
9095018
9095018
9095019
9095019
9095019
9095353
9097006
9101036
9108306
9108579
9108747
9125026
9125537
9125646
9168261
9168777
9168897
9214333
9214832
9214918
9320103
9347713
9347715
9347717
9348275
9348565
9348707
9920104
9943314
9943628
9958218
9958221
10070961
10070969
10071322
10071334
10071334
10071345
10071476
10071498
10071499
10071523
10071657
10071687
10071768
10071798
10071837
10071838
10072057
10072138
10072198
10072297
10072318
10072438
10074008
10075048
10075049
10075189
10075219
10086249
10114366
10114873
10115027
10115115
10115121
10124399
10124402
10124403
10124404
10124405
10124406
10124407
10124408
10124409
10124410
10124411
10124412
10124413
10124415
10124574
10124659
10124660
10124661
10124662
10124706
10124707
10124762
10124802
10124803
10124804
10124887
10124891
10124892
10124926
10124928
10124929
10126673
10126829
10128296
10128578
10128692
10130700
10130855
10188271
10188785
10188918
10235057
10235507
10235593
10520686
10829994
10830275
10845745
10845746
10866403
10866426
10866890
10866891
10866891
10866892
10866926
10866929
10867110
10867346
10867571
10867779
10867806
10868858
10869893
10870657
10968848
10969346
10969495
11120695
11135008
11135503
11135585
11135685
11135689
11145040
11145043
11145044
11145045
11145046
11145047
11145047
11145048
11145049
11145050
11145054
11145055
11145056
11145056
11145056
11145057
11145057
11147065
11151074
11255090
11255570
11255705
11569163
11569628
11569636
11603466
11603466
11603467
11720712
11748802
11749331
11749495
11846361
11846386
11846386
11846387
11846880
11846883
11846965
11848383
11851922
11852006
11852100
11852164
11852226
11868585
11869089
11869206
11871262
11871267
11871403
11871406
11871415
11871426
11871555
11871566
11871585
11871595
11871735
11871775
11871885
11871945
11871946
11872206
11872285
11872319
11872355
11872499
11872505
11872630
11874190
11875183
11875186
11875315
11875338
11879239
11879295
11879361
12154897
12155346
12155465
12155555
12155559
12164888
12164895
12164895
12164895
12164896
12164896
12164900
12164900
12164901
12164902
12164903
12164904
12164905
12164905
12164906
12164907
12164908
12164909
12165187
12165188
12165268
12165315
12165324
12165465
12165545
12165588
12165859
12166939
12167293
12170958
12171313
12174975
12175246
12274966
12275424
12275545
12320530
12327990
12327995
12328271
12328395
12768570
12769047
12769174
12920512
13071344
13071346
13174935
13175420
13175554
13175654
13175658
13184945
13184949
13184949
13184950
13184951
13184952
13184953
13184957
13184958
13184959
13184960
13184961
13184962
13184963
13184964
13184965
13185230
13185296
13185298
13185299
13185390
13185391
13185392
13186968
13190991
13294019
13294576
13294734
13383990
13384483
13385319
13404840
13520548
13668549
13669021
13669138
13671191
13671193
13671337
13671348
13671374
13671385
13671514
13671531
13671554
13671557
13671704
13671734
13671817
13671851
13671874
13672118
13672174
13672254
13672384
13672385
13672502
13674061
13675089
13675091
13675221
13675254
13803454
13803494
13803495
14120974
14194442
14194964
14195096
14195202
14195206
14204445
14204456
14204456
14204457
14204457
14204457
14204457
14204458
14204458
14204459
14204459
14204460
14204461
14204462
14204463
14204463
14204464
14204828
14204830
14204831
14204833
14204883
14204884
14204967
14206925
14206928
14210953
14210956
14231328
14231601
14314516
14315009
14315146
14532343
14532344
14568918
14569418
14569566
14720782
15163715
15164090
15169037
15169185
15214301
15214801
15214890
15224270
15224273
15224274
15224275
15224276
15224277
15224278
15224279
15224280
15224281
15224282
15224286
15224287
15224288
15224289
15224290
15224291
15224292
15224293
15224694
15226298
15226302
15230315
15230318
15272694
15272694
15272694
15320512
15334071
15334590
15334713
15348443
15348923
15349043
15446011
15446034
15446034
15446523
15446798
15446883
15446935
15446936
15446936
15447077
15448964
15449067
15452974
15453079
15457048
15457150
15468412
15468896
15469016
15471073
15471078
15471211
15471219
15471233
15471237
15471353
15471364
15471388
15471398
15471553
15471603
15471623
15471684
15471753
15471755
15471843
15471967
15472023
15472113
15472173
15472306
15473864
15474899
15474902
15475041
15475063
15649017
15649018
15649019
15649294
15649413
15920703
16016545
16016546
16234250
16234749
16234915
16235015
16235019
16235028
16235028
16235031
16235032
16235033
16235033
16235034
16235034
16235035
16235035
16235036
16235036
16235036
16235037
16235037
16235037
16235233
16235235
16235236
16235306
16235309
16235358
16235361
16235362
16235363
16237385
16237389
16238642
16240646
16241399
16241403
16244660
16248582
16248875
16249035
16265113
16265603
16265717
16281030
16308603
16309099
16309215
16339085
16339086
16341088
16354333
16354815
16354955
16368586
16369131
16369245
16520919
16762932
16762933
17121407
17121878
17122003
17122019
17122379
17246757
17247286
17247374
17254968
17255252
17255370
17255462
17255467
17258928
17258932
17258933
17258933
17258934
17258935
17258936
17258937
17258938
17258939
17258943
17258943
17258944
17258945
17258946
17258947
17259188
17259349
17259484
17259500
17259584
17259636
17260944
17260947
17260948
17264960
17264963
17264964
17269229
17269505
17269614
17271870
17271875
17272003
17272021
17272027
17272038
17272164
17272175
17272188
17272231
17272344
17272354
17272454
17272494
17272495
17272498
17272764
17272814
17272897
17273033
17273044
17273174
17274733
17275745
17275747
17275881
17275914
17285540
17285815
17285934
17329214
17329682
17329804
17375031
17375536
17375645
17510844
17510845
17721378
18080139
18080155
18080638
18080639
18080640
18080641
18080665
18080666
18080875
18081121
18081147
18081396
18081555
18081642
18082021
18082519
18105851
18106223
18169228
18169729
18169907
18251934
18251935
18251936
18275052
18275557
18275683
18285032
18285044
18285045
18285045
18285047
18285047
18285048
18285048
18285048
18285049
18285049
18285049
18285050
18285050
18285050
18285391
18285395
18285396
18285397
18285407
18285409
18285411
18285514
18285527
18285535
18285535
18285535
18285535
18285715
18285716
18285724
18285725
18285726
18285727
18285786
18287451
18287456
18289218
18289514
18289634
18291491
18291512
18321415
18321917
18349219
18349695
18349814
18395132
18395632
18395720
18767581
18768139
18768224
18768226
18768226
18769590
18769746
18921422
19001994
19002094
19002095
19046795
19046800
19046800
19047181
19048787
19052797
19062474
19069226
19069503
19069653
19071872
19071877
19072027
19072038
19072061
19072071
19072186
19072197
19072254
19072268
19072384
19072443
19072515
19072516
19072584
19072609
19072800
19072891
19072994
19073034
19073154
19073189
19074749
19075779
19075782
19075917
19075921
19295158
19295618
19295704
19295799
19295802
19295821
19295822
19295823
19295824
19295825
19295826
19295827
19295830
19295831
19295832
19295833
19295833
19295834
19295835
19295836
19295837
19296188
19296193
19296193
19297841
19297843
19301856
19301860
19305919
19325866
19326338
19326494
19374494
19374500
19374500
19374792
19374914
19415257
19415720
19415870
19521451
19754527
19754616
19754617
19969143
19969676
19969816
20121437
20121942
20122028
20122083
20314771
20315230
20315318
20315408
20315412
20324732
20324735
20324740
20324741
20324742
20324743
20324744
20324745
20324745
20324746
20324747
20324748
20324749
20324749
20324750
20325052
20325052
20325052
20325053
20325112
20326788
20326792
20327092
20330805
20330814
20331116
20334830
20334833
20335091
20335094
20336844
20337250
20434822
20435308
20435447
20508028
20508029
20508097
20605964
20606466
20606653
20626816
20720996
20868829
20869318
20869437
20871443
20871447
20871587
20871589
20871597
20871600
20871721
20871742
20871757
20871777
20871906
20871946
20872047
20872047
20872077
20872352
20872437
20872507
20872626
20872647
20872767
20873571
20874607
20874608
20874736
20874767
21278647
21278765
21278766
21321082
21334941
21335420
21335556
21335661
21335667
21338891
21338897
21338897
21338897
21338898
21338898
21338899
21338900
21338901
21338901
21338905
21338906
21338907
21338907
21338908
21338909
21340891
21340894
21344904
21344907
21365691
21366176
21366337
21454989
21455415
21455537
21610876
21611153
21611246
21769199
21769694
21769821
21921495
22062375
22062380
22062381
22354935
22355414
22355577
22355678
22355682
22364960
22364963
22364964
22364965
22364966
22364967
22364968
22364968
22364969
22364970
22364971
22364972
22364972
22364975
22365180
22365182
22365242
22365243
22365243
22365243
22365244
22365244
22365298
22365305
22365313
22365394
22365394
22365427
22365507
22365560
22365560
22365785
22365841
22367434
22367438
22369171
22369432
22371467
22371470
22475022
22475503
22475617
22521049
22646276
22646284
22646284
22646284
22646629
22646748
22646771
22646837
22646861
22651853
22651942
22652029
22652097
22652153
22668724
22669284
22669407
22671413
22671418
22671556
22671562
22671562
22671562
22671705
22671713
22671727
22671748
22671887
22671917
22672007
22672029
22672057
22672278
22672347
22672431
22672527
22672577
22672667
22674221
22675246
22675249
22675380
22675414
22679107
22679167
22679197
22849179
22849179
22849180
22849180
22849455
22849578
23121183
23375310
23375800
23375919
23376003
23376007
23385284
23385289
23385290
23385290
23385290
23385291
23385292
23385293
23385294
23385295
23385296
23385299
23385300
23385301
23385302
23385310
23385311
23385669
23385799
23385842
23387281
23387282
23390459
23390462
23390518
23391327
23391331
23415319
23415813
23415949
23495360
23495836
23495922
23569026
23569524
23569644
23648030
23648030
23721357
23721839
23721999
23722014
24316516
24316860
24321490
24395512
24395971
24396084
24396180
24396181
24405525
24405528
24405530
24405535
24405550
24405550
24405550
24405551
24405551
24405551
24405552
24405552
24405552
24405553
24405553
24405745
24405758
24405824
24405890
24405904
24405907
24405908
24406020
24406121
24406175
24406176
24406177
24406362
24406458
24406460
24407546
24407949
24408401
24411953
24412406
24448120
24448121
24469136
24469409
24469560
24471780
24471787
24471914
24471928
24471950
24471961
24472070
24472080
24472122
24472137
24472250
24472310
24472360
24472400
24472450
24472451
24472746
24472773
24472890
24472922
24473014
24473080
24474639
24475645
24475648
24475801
24475802
24514569
24515048
24515138
24921262
25109317
25109632
25236302
25236302
25236303
25286374
25286382
25286852
25286853
25286857
25286858
25286863
25286864
25287088
25287117
25287325
25287387
25287547
25287675
25287793
25287958
25414318
25414803
25414941
25415042
25415044
25415060
25415061
25415070
25415070
25415071
25415071
25415071
25415072
25415072
25415073
25415073
25415074
25415074
25415074
25415075
25415349
25415471
25415497
25415892
25415893
25417085
25417086
25421091
25421093
25445143
25445662
25445772
25521252
25534395
25534873
25534962
25969547
25970027
25970028
26048054
26048144
26048145
26121570
26246716
26246727
26246727
26269110
26269643
26269783
26271764
26271769
26271905
26271908
26271917
26271931
26272054
26272065
26272093
26272103
26272243
26272273
26272360
26272384
26272414
26272654
26272674
26272802
26272863
26272953
26273006
26274562
26275582
26275583
26275717
26275754
26434644
26435151
26435234
26444609
26444613
26444614
26444614
26444619
26444621
26444621
26444622
26444623
26444624
26444624
26444625
26444626
26444627
26444628
26444629
26444630
26444630
26444865
26444866
26444867
26444928
26444929
26444932
26445048
26445049
26445050
26445052
26445056
26446912
26447065
26450940
26451095
26456253
26456339
26456341
26456622
26456753
26554718
26555199
26555291
26721601
26873624
26873624
26873625
27169109
27169579
27169783
27321600
27323606
27327618
27331680
27454747
27455257
27455345
27464730
27464734
27464735
27464736
27464737
27464738
27464739
27464740
27464740
27464741
27464742
27464743
27464744
27464745
27464749
27464750
27464751
27464752
27464752
27464754
27464754
27465152
27466753
27466756
27470770
27470774
27574771
27575304
27575393
27714524
27714614
27714624
27827268
27827722
27831723
27847245
27921630
28046649
28047151
28047234
28069114
28069568
28069693
28071752
28071765
28071903
28071907
28071915
28071928
28072044
28072047
28072073
28072076
28072233
28072273
28072322
28072378
28072404
28072439
28072612
28072703
28072759
28072844
28072908
28072969
28074328
28075366
28075369
28075507
28075507
28474838
28475334
28475439
28484813
28484821
28484821
28484823
28484824
28484825
28484826
28484827
28484828
28484828
28484829
28484830
28484831
28484832
28484833
28484834
28485204
28485204
28485207
28485207
28485208
28485208
28485209
28485210
28485210
28485293
28485325
28485326
28522279
28566381
28566383
28566383
28595545
28596059
28596190
28969709
28970230
28970341
29122285
29411081
29411081
29495563
29496016
29496180
29496284
29496288
29505574
29505575
29505575
29505576
29505576
29505576
29505581
29505581
29505581
29505583
29505583
29505583
29505584
29505584
29505584
29505585
29505963
29505964
29507588
29507589
29511594
29511595
29570193
29570716
29615640
29616151
29616270
29672221
29672223
29672514
29722153
29724177
29728185
29732242
29847246
29847255
29847255
29847608
29847673
29847739
29869631
29870123
29870274
29872292
29872296
29872441
29872445
29872452
29872463
29872585
29872588
29872615
29872628
29872774
29872814
29872923
29872925
29872983
29873191
29873215
29873358
29873375
29873515
29873545
29875099
29876135
29876138
29876271
29876305
30265985
30266075
30266076
30266360
30266494
30266595
30322231
30515594
30516060
30516145
30516244
30516245
30525552
30525565
30525565
30525565
30525567
30525567
30525568
30525568
30525568
30525568
30525569
30525569
30525569
30525570
30525570
30525570
30525571
30525571
30525729
30525791
30525859
30525910
30525919
30525981
30526044
30526121
30526150
30526497
30527615
30531625
30535629
30535830
30635678
30636182
30636297
30769639
30770146
30770267
30922271
31154260
31154261
31522294
31535722
31536207
31536330
31536410
31536414
31539439
31539442
31539443
31539444
31539445
31539446
31539447
31539448
31539452
31539453
31539454
31539454
31539455
31539456
31539457
31539458
31539458
31539845
31539847
31539848
31541475
31545499
31566514
31566978
31567130
31655836
31656270
31656382
31669690
31670175
31670296
31672352
31672357
31672501
31672502
31672523
31672545
31672671
31672675
31672704
31672709
31672871
31672901
31672979
31673011
31673013
31673041
31673261
31673321
31673402
31673511
31673552
31673642
31675198
31676234
31676236
31676371
31676372
32049051
32049052
32049052
32122279
32122568
32497814
32497818
32498182
32498182
32498182
32498183
32498326
32498327
32498328
32498443
32498494
32498652
32498703
32498803
32498977
32499231
32499833
32555870
32556336
32556461
32556571
32556572
32565848
32565856
32565856
32565856
32565857
32565859
32565860
32565861
32565862
32565863
32565864
32565865
32565866
32565867
32565868
32565869
32566070
32566073
32566134
32566225
32566226
32566232
32567843
32567895
32568147
32571861
32571914
32572166
32575930
32675943
32676425
32676551
32722346
32722855
32989558
32989559
33167922
33168406
33168568
33168596
33169943
33170195
33170196
33322107
33446981
33447007
33447007
33447007
33447480
33447480
33447481
33447566
33451889
33451976
33452068
33452136
33452195
33462749
33469462
33469746
33469866
33472074
33472079
33472222
33472233
33472250
33472260
33472376
33472390
33472436
33472446
33472556
33472616
33472696
33472698
33472757
33473006
33473006
33473146
33473176
33473293
33473324
33474885
33475917
33475919
33476058
33476089
33479194
33479246
33479306
33575715
33576218
33576306
33576405
33576416
33576432
33576433
33576434
33576435
33576435
33576437
33576437
33576438
33576439
33576443
33576443
33576444
33576445
33576446
33576447
33576448
33576449
33576449
33576855
33578442
33582464
33606499
33606965
33607136
33695796
33696313
33696430
33922106
33934176
33934177
33934462
33934586
33934706
33934796
33934798
33935084
34369420
34369916
34370066
34522135
34595806
34596317
34596439
34596534
34596536
34596541
34596546
34596547
34596556
34596557
34596557
34596557
34596558
34596558
34596558
34596558
34596559
34596559
34596559
34596560
34596560
34596769
34596878
34596879
34596881
34598579
34598580
34598935
34598936
34598937
34600934
34602605
34604953
34606610
34606789
34627371
34627862
34628002
34715409
34715888
34715973
34925412
34925413
34925413
35048475
35048992
35049442
35067528
35122708
35270008
35270500
35270622
35272628
35272633
35272772
35272773
35272789
35272792
35272921
35272934
35272945
35272956
35273112
35273162
35273243
35273244
35273342
35273497
35273552
35273672
35273702
35273814
35273818
35273824
35273852
35273940
35273952
35273972
35274092
35274103
35274242
35274356
35274672
35274822
35274935
35276497
35277539
35277543
35277653
35277692
35615444
35615932
35616052
35616172
35616177
35625405
35625412
35625413
35625413
35625413
35625413
35625414
35625416
35625418
35625418
35625419
35625420
35625421
35625422
35625424
35625615
35625772
35625902
35625920
35625921
35626209
35626303
35627404
35628208
35631423
35632227
35636288
35722732
35735513
35736045
35736137
35886712
35886716
35914922
35915030
35915031
36012157
36012512
36012623
36170010
36170512
36170672
36322790
36323298
36323413
36323471
36635474
36635957
36636043
36636142
36636151
36636194
36636203
36636203
36636203
36636204
36636205
36636206
36636206
36636206
36636206
36636207
36636207
36636207
36636207
36636208
36636208
36636433
36636439
36636533
36636562
36636572
36636573
36636573
36636574
36636621
36636868
36636871
36639416
36639693
36639782
36666216
36666677
36666792
36755535
36756019
36756133
36770496
36770956
36922740
36949003
36949003
36949004
36949283
36958032
37047589
37047613
37047613
37048146
37048427
37048552
37048571
37048572
37048573
37069993
37070445
37070563
37072624
37072628
37072743
37072754
37072782
37072793
37072902
37072912
37072925
37072937
37073052
37073122
37073172
37073252
37073288
37073412
37073559
37073562
37073672
37073712
37073847
37074556
37075590
37075594
37075722
37075752
37475597
37475599
37475695
37475827
37475933
37522009
37524023
37528039
37532102
37654779
37655255
37655377
37655457
37655463
37655506
37655507
37655518
37655519
37655520
37655521
37655522
37655523
37655526
37655527
37655528
37655528
37655528
37655529
37655529
37655767
37655865
37655887
37655999
37656056
37657526
37657533
37658085
37661546
37661547
37662098
37666121
37666306
37685537
37686010
37686105
37774838
37775309
37775407
37969226
37969743
37969857
37999097
37999098
37999098
38122042
38594939
38595290
38675671
38676130
38676245
38676370
38676374
38685637
38685651
38685651
38685651
38685652
38685654
38685654
38685655
38685655
38685655
38685656
38685656
38685656
38685657
38685657
38685658
38685658
38685917
38685918
38686017
38686025
38686038
38686039
38686043
38686051
38686052
38687665
38687668
38687921
38691694
38691695
38691946
38695754
38695757
38695894
38695956
38697987
38702002
38722869
38795746
38796247
38796380
38847562
38848048
38848132
38870046
38870507
38870630
38872685
38872688
38872800
38872803
38872830
38872833
38872921
38872934
38873020
38873041
38873080
38873194
38873200
38873281
38873350
38873401
38873530
38873580
38873644
38873731
38873861
38874780
38875790
38875791
38875919
38875941
39067391
39067391
39067392
39322930
39323399
39323520
39323541
39695748
39696255
39696350
39696469
39696473
39705753
39705756
39705757
39705758
39705759
39705760
39705762
39705764
39705768
39705769
39705770
39705771
39705772
39705773
39705774
39705774
39705775
39706068
39706134
39706187
39706188
39706189
39706190
39707778
39707783
39710146
39710149
39710425
39710426
39710427
39710428
39710445
39710446
39710731
39710762
39711034
39711037
39711330
39711432
39711611
39711727
39711781
39711782
39770041
39770323
39770480
39815822
39816294
39816390
39922873
39962131
39962230
39962232
39962505
40123361
40367589
40368104
40368230
40368341
40368347
40368348
40370601
40372603
40376609
40380664
40380974
40380975
40522887
40647643
40647649
40647649
40648138
40672689
40672711
40673020
40673023
40673050
40673053
40673150
40673165
40673231
40673234
40673310
40673420
40673450
40673560
40673726
40673872
40673880
40673991
40674070
40674201
40674859
40675892
40675893
40676011
40676050
40715870
40716369
40716483
40725849
40725851
40725851
40725853
40725854
40725854
40725855
40725855
40725855
40725855
40725856
40725856
40725856
40725857
40725860
40725862
40726144
40726201
40726205
40726205
40726286
40726297
40726384
40726442
40726643
40727869
40728229
40731895
40732248
40735903
40736204
40736205
40835956
40836435
40836526
41122934
41176771
41176773
41176831
41177067
41177151
41570060
41570572
41570700
41722948
41735977
41736512
41736620
41745954
41745957
41745958
41745959
41745960
41745961
41745961
41745962
41745964
41745964
41745965
41745967
41745967
41745972
41745973
41745974
41745974
41745976
41745976
41745978
41746378
41746461
41746537
41746544
41746550
41746551
41746815
41746827
41747976
41747980
41747980
41752003
41752006
41752007
41776009
41776446
41776532
41841100
41841101
41841103
41841396
41856071
41856562
41856720
42249350
42249430
42249431
42267293
42267761
42267960
42288192
42322953
42470031
42470530
42470630
42472683
42472686
42472800
42472804
42472830
42472835
42472921
42472935
42472982
42473002
42473080
42473161
42473170
42473190
42473290
42473315
42473371
42473461
42473580
42473581
42473715
42473847
42474956
42476002
42476005
42476120
42476151
42756099
42756615
42756710
42756800
42756804
42756825
42756826
42756826
42756827
42756832
42756833
42756833
42756834
42756835
42756836
42756837
42756838
42756838
42756839
42757100
42757162
42757163
42757166
42757167
42757168
42757171
42757250
42757252
42757253
42757254
42757436
42757520
42757522
42758847
42759551
42762865
42763570
42799837
42801844
42805852
42812962
42813240
42813360
42876180
42876653
42876777
42923009
42923523
42923610
42923662
42969980
42969985
42970262
43339930
43339931
43370048
43370546
43370700
43522960
43776206
43776672
43776790
43786198
43786206
43786206
43786206
43786207
43786207
43786208
43786209
43786210
43786211
43786211
43786213
43786213
43786213
43786214
43786214
43786214
43786478
43786480
43786584
43786610
43786701
43786733
43787056
43787056
43788235
43788237
43792255
43792258
43816291
43816766
43816851
43896289
43896745
43896833
43970625
43970969
44122959
44247548
44247603
44247603
44247604
44248043
44248044
44248070
44248122
44248161
44248221
44251905
44252000
44252116
44252180
44252231
44270056
44270537
44270654
44272708
44272710
44272821
44272828
44272890
44272901
44272950
44272961
44273060
44273063
44273100
44273210
44273212
44273250
44273361
44273391
44273520
44273631
44273666
44273760
44273811
44273953
44275107
44276137
44276139
44276260
44276289
44279219
44279226
44279271
44279301
44279301
44279400
44279481
44279494
44279570
44279573
44279573
44279669
44279700
44279832
44279833
44280051
44280056
44280072
44280073
44418870
44418874
44418874
44419153
44419280
44722964
44796311
44796797
44796881
44806306
44806309
44806310
44806311
44806312
44806317
44806318
44806319
44806320
44806321
44806321
44806322
44806323
44806324
44806325
44806326
44806326
44806518
44806519
44806658
44806659
44806680
44806688
44806688
44808091
44812105
44915884
44916396
44916482
45169589
45170101
45170201
45322550
45510192
45510193
45815951
45816435
45816561
45825974
45825978
45825979
45825980
45825981
45825982
45825982
45825983
45825987
45825987
45825989
45825989
45825990
45825990
45825990
45825990
45825991
45825991
45825991
45826263
45826264
45826265
45827991
45828002
45828003
45828004
45828306
45832020
45832023
45832023
45832024
45832328
45836055
45836440
45836747
45922572
45936033
45936512
45936626
45981261
45981264
45981528
46069607
46070086
46070241
46072253
46072255
46072381
46072392
46072406
46072417
46072530
46072541
46072581
46072584
46072681
46072771
46072791
46072792
46072912
46072913
46073081
46073181
46073211
46073311
46073362
46073503
46074808
46075832
46075833
46075952
46075982
46522500
46601941
46602040
46602042
46834973
46835478
46835620
46844962
46844966
46844967
46844968
46844969
46844974
46844975
46844976
46844976
46844977
46844978
46844979
46844980
46844981
46844981
46844982
46845265
46845266
46845266
46845267
46845267
46845341
46845344
46845345
46845346
46845390
46845416
46845510
46845590
46845622
46845622
46845623
46845917
46847022
46847277
46847379
46851279
46851381
46917501
46917510
46917964
46917965
46917966
46917967
46918221
46918222
46918223
46918224
46918495
46918496
46918752
46918763
46918994
46919053
46955049
46955515
46955610
46969527
46970035
46970150
47122500
47564529
47564800
47570098
47570228
47570228
47570229
47570229
47570230
47570231
47570232
47572230
47700131
47700132
47700230
47722549
47847125
47847135
47847140
47847570
47847570
47855086
47855380
47855482
47862839
47865096
47865100
47865101
47865101
47865101
47865102
47865103
47865104
47865105
47865106
47865109
47865110
47865111
47865111
47865112
47865113
47865113
47865120
47865375
47865441
47867104
47867106
47867106
47867408
47871126
47871135
47871143
47871445
47872161
47872166
47872290
47872302
47872320
47872334
47872440
47872451
47872500
47872523
47872590
47872680
47872701
47872800
47872820
47872913
47873040
47873090
47873151
47873241
47873383
47874689
47875708
47875709
47875820
47875850
47975184
47975693
47975811
48240313
48240315
48240590
48240710
48240791
48322579
48769962
48770404
48770515
48782152
48782153
48782154
48875653
48876134
48876294
48885631
48885634
48885635
48885636
48885648
48885648
48885649
48885649
48885650
48885650
48885651
48885652
48885652
48885653
48885653
48885654
48885655
48885938
48886015
48886020
48886020
48886021
48886021
48886021
48886104
48886195
48886197
48886338
48886339
48886417
48887960
48891969
48923049
48995739
48996208
48996328
49489002
49489494
49496084
49496164
49523079
49525085
49529094
49533155
49533567
49533855
49629188
49629656
49630064
49647480
49647975
49648065
49648473
49669921
49670392
49670510
49672613
49672616
49672727
49672751
49672764
49672782
49672880
49672891
49672944
49672955
49673034
49673124
49673147
49673204
49673274
49673385
49673542
49673544
49673664
49673694
49673826
49675381
49676408
49676411
49676530
49676563
49857315
49857317
49857317
49895732
49896232
49896394
49905736
49905740
49905741
49905742
49905745
49905746
49905752
49905753
49905754
49905759
49905765
49905765
49905766
49905766
49905766
49905766
49905767
49905767
49906104
49906105
49906105
49906105
49907717
49907718
49907718
49908119
49911732
49911739
49911741
49912143
50015810
50016310
50016434
50123135
50412731
50413045
50413137
50569947
50570396
50570517
50722883
50864346
50864439
50864441
50915554
50916079
50916236
50925538
50925539
50925539
50925540
50925540
50925541
50925542
50925543
50925546
50925546
50925546
50925547
50925547
50925547
50925548
50925548
50925548
50925549
50925818
50925821
50925872
50925872
50925958
50927539
50927991
50931548
50932000
50935606
51035651
51036127
51036211
51170250
51170796
51322960
51447332
51447339
51447340
51447768
51448005
51448146
51449344
51449347
51453351
51457414
51469745
51470236
51470355
51472412
51472416
51472531
51472549
51472561
51472564
51472681
51472684
51472721
51472731
51472831
51472911
51472962
51473011
51473071
51473211
51473322
51473361
51473473
51473474
51473591
51475146
51476174
51476175
51476291
51476325
51847411
51847413
51847683
51847811
51922921
51924939
51928951
51933010
51935018
51935728
51935993
51936111
51939019
51943091
51945694
51945697
51945698
51945698
51945699
51945700
51945700
51945703
51945704
51945704
51945705
51945705
51945706
51945706
51945707
51945707
51945708
51946035
51946043
51946106
51946305
51947711
51947715
51948317
51951724
51951727
51952331
52055783
52056249
52056362
52369687
52370178
52370316
52522983
52524996
52529016
52533041
52840638
52840639
52955791
52956269
52956398
52965768
52965770
52965770
52965771
52965771
52965772
52965773
52965773
52965773
52965774
52965774
52965774
52965774
52965775
52965775
52965776
52965776
52966059
52966059
52966060
52966061
52966061
52966171
52966178
52966180
52967793
52968197
52971802
52972204
53075847
53076305
53076428
53123009
53269681
53270174
53270298
53272354
53272359
53272468
53272479
53272499
53272513
53272588
53272591
53272678
53272682
53272717
53272828
53272828
53272867
53273015
53273128
53273258
53273318
53273378
53273498
53273627
53273628
53273631
53273745
53273890
53274152
53274153
53274653
53275770
53277640
53277644
53278404
53279524
53280634
53280644
53281918
53283027
53284142
53284165
53284914
53286024
53287134
53287144
53288467
53289586
53290700
53290705
53291464
53292584
53293694
53293697
53294977
53296094
53297210
53297214
53297974
53299094
53300204
53300207
53301497
53302615
53303730
53303736
53304494
53305614
53306724
53306727
53308010
53309118
53310233
53310237
53311004
53312114
53313234
53313237
53314559
53315667
53316782
53316787
53317554
53318664
53319784
53319787
53321109
53322217
53323332
53323336
53324104
53325214
53326324
53326334
53327664
53327668
53327945
53328044
53328202
53328332
53328344
53328480
53328502
53328664
53328789
53329117
53329284
53329434
53330498
53331540
53331542
53331655
53331694
53723763
53834604
53834704
53834706
53976570
53977042
53977194
53977300
53977304
53980539
53980540
53980541
53980541
53980541
53980544
53980545
53980545
53980545
53980546
53980546
53980546
53980547
53980548
53980552
53980552
53980553
53980553
53980553
53980554
53980867
53980964
53980989
53981154
53981255
53981334
53981335
53982558
53982560
53982911
53986567
53986568
53986919
54007391
54007861
54007954
54096556
54097046
54097162
54128633
54128636
54128637
54128638
54128875
54128876
54128877
54128905
54129138
54129175
54129365
54129417
54129650
54129704
54170362
54170840
54170955
54323707
54765386
54765702
54771011
54771183
54807292
54807293
54807293
54923723
54996075
54996566
54996734
54996844
54996846
55006069
55006074
55006075
55006075
55006080
55006081
55006082
55006083
55006083
55006084
55006085
55006086
55006087
55006088
55006089
55006089
55006261
55006263
55006343
55006494
55006551
55006644
55006660
55006660
55006933
55006992
55008092
55008095
55008297
55012109
55012110
55012311
55016174
55016487
55047393
55047403
55047403
55047403
55047866
55047894
55047964
55048044
55049432
55051870
55051880
55051963
55051963
55052045
55052046
55052114
55052124
55052125
55052175
55052224
55052227
55052227
55052316
55052354
55052499
55052499
55052744
55052765
55052766
55052898
55052978
55052991
55053065
55053067
55053067
55053194
55053316
55053317
55053441
55053648
55053675
55053676
55057886
55057945
55057953
55058035
55058041
55058051
55058164
55058231
55058231
55058365
55058388
55058395
55058435
55058515
55058520
55058605
55058611
55058611
55058734
55058801
55058801
55058935
55058957
55058962
55069861
55070132
55070254
55072514
55072519
55072644
55072652
55072788
55072791
55072944
55073084
55073407
55073584
55073626
55074738
55074743
55075514
55076624
55077734
55077737
55079035
55080150
55080232
55080294
55080363
55081264
55081266
55082034
55083144
55084264
55084267
55085548
55085671
55085679
55085802
55085813
55085954
55086073
55086384
55086554
55088074
55089076
55089079
55089204
55089234
55116144
55116620
55116735
55300845
55300847
55301122
55301244
55523277
55523779
55523874
55523964
55524019
55786191
55786192
55786192
56016361
56016878
56017031
56026370
56026373
56026374
56026375
56026376
56026377
56026378
56026379
56026383
56026385
56026386
56026387
56026388
56026389
56026390
56026391
56026393
56026753
56026801
56026912
56027004
56027059
56028393
56028397
56028398
56028399
56029101
56032413
56032418
56032418
56032418
56033120
56036431
56036487
56036768
56036769
56037130
56037279
56039304
56043315
56123455
56136428
56136909
56137022
56724153
56726168
56730184
56732155
56732251
56734229
56755807
56755808
56755808
56849333
56849797
56850247
56850327
56870188
56870782
56871053
56871168
56873425
56873429
56873547
56873550
56873688
56873699
56873713
56873723
56873867
56873982
56874002
56874015
56874267
56874347
56874507
56874507
56874557
56874647
56874955
56875240
56875242
56875481
56875584
56875720
56875721
56875905
56876595
56876678
56876689
56876740
56876751
56876867
56876957
56877214
56877337
56878359
56880369
56884374
56899401
56899407
56899697
56899757
57037178
57037639
57037756
57047142
57047147
57047147
57047148
57047148
57047149
57047154
57047160
57047161
57047162
57047163
57047168
57047168
57047168
57047168
57047169
57047169
57047354
57047357
57047581
57047582
57047582
57049184
57049194
57049195
57049195
57049352
57049604
57053212
57053214
57053214
57053366
57053608
57057230
57057545
57057850
57070444
57072453
57076459
57100482
57102496
57106513
57156259
57156715
57156827
57324149
57723457
57723547
57723548
57770776
57771260
57771417
57924178
58056303
58056817
58056924
58057007
58057015
58066300
58066303
58066304
58066305
58066306
58066307
58066308
58066309
58066314
58066315
58066316
58066317
58066318
58066318
58066319
58066320
58066321
58066673
58066697
58066698
58066714
58066716
58066716
58068296
58068300
58068352
58072314
58072317
58072368
58076329
58087092
58088007
58088177
58088337
58176379
58176884
58176967
58371451
58371775
58524253
58524787
58524877
58524932
58647895
58647905
58647905
58648384
58648660
58648775
58648861
58648921
58648922
58648923
58670316
58670803
58670929
58672937
58672942
58673031
58673043
58673081
58673084
58673142
58673145
58673231
58673232
58673235
58673411
58673501
58673551
58673591
58673871
58674021
58675546
58677550
58681555
58682940
58683024
58683026
58696586
58696590
58696951
58696983
58697014
59075912
59076396
59076521
59076603
59076612
59076642
59076643
59076644
59076645
59076646
59076650
59076651
59076651
59076652
59076653
59076654
59076655
59076656
59076657
59076658
59076659
59076660
59076942
59076943
59076952
59076954
59076955
59077000
59077002
59077298
59079315
59080380
59083324
59106667
59107193
59107341
59123764
59151382
59151382
59151383
59151383
59151662
59151791
59151876
59195966
59196451
59196552
59244861
59244862
59244864
59244865
59245001
59245012
59245018
59245033
59245037
59245171
59245172
59245173
59245190
59245192
59245351
59245381
59245501
59245531
59245819
59245879
59246011
59246057
59246142
59246143
59246201
59246592
59246871
59246881
59247203
59247521
59247523
59247523
59247533
59247543
59247651
59247721
59247893
59249189
59249327
59249331
59249332
59249332
59249337
59249458
59249680
59250341
59250476
59250481
59250482
59250482
59250482
59250604
59250842
59251161
59251292
59251296
59251296
59251296
59251298
59251436
59251651
59251941
59252071
59252072
59252072
59252072
59252073
59252205
59252432
59252731
59252869
59252879
59252879
59252879
59252880
59253013
59253221
59253511
59253661
59253664
59253664
59253664
59253664
59253801
59254021
59254291
59254423
59254426
59254427
59254427
59254428
59254560
59254763
59255041
59255188
59255189
59255189
59264421
59264432
59267266
59267267
59267268
59267268
59267605
59267881
59268012
59268015
59268015
59270278
59270561
59270701
59276034
59276141
59276142
59277599
59277869
59277983
59307543
59307545
59307546
59307546
59307546
59307546
59314871
59314878
59314879
59315795
59315800
59320368
59320371
59320372
59323604
59323884
59324002
59330316
59330593
59330683
59361302
59361306
59363061
59363072
59363072
59363072
59363210
59363221
59363241
59363256
59363352
59363382
59363392
59363421
59363432
59363541
59363601
59363742
59363879
59364015
59364071
59364221
59364369
59364370
59365967
59366061
59366133
59366149
59366291
59366303
59366381
59366464
59366727
59366881
59366897
59367151
59367227
59367228
59367228
59367230
59367230
59367239
59367243
59367246
59367321
59367379
59367379
59367411
59367526
59367526
59390305
59390805
59390961
59397291
59397575
59397691
59402672
59407693
59407696
59407697
59437776
59438244
59438361
59570554
59571031
59571145
59614995
59614997
59615025
59724042
60045085
60045085
60045087
60045088
60045088
60045145
60045148
60045242
60045254
60045275
60045285
60045305
60045315
60045385
60045420
60045424
60045431
60045454
60045495
60045508
60045604
60045625
60045745
60045785
60045805
60045934
60045959
60046225
60046315
60046317
60046318
60046318
60046321
60046322
60046324
60046436
60046526
60046528
60046529
60046530
60046531
60046536
60046536
60046537
60046615
60046618
60046618
60046618
60046619
60046619
60046620
60046624
60046629
60046635
60046685
60046764
60046834
60047204
60047265
60047274
60047274
60047274
60047300
60047437
60047495
60047496
60047496
60047496
60047632
60047954
60048124
60066815
60066816
60067025
60076388
60076677
60076814
60090086
60090095
60090385
60090388
60090450
60090458
60090483
60090504
60090574
60090595
60090597
60090655
60090784
60090910
60090945
60091004
60091276
60091434
60091568
60092121
60092980
60092981
60094114
60094115
60094374
60094401
60094750
60095235
60095273
60095617
60095874
60096243
60096537
60096625
60096716
60096721
60096768
60096768
60096769
60096769
60096770
60096770
60096770
60096771
60096772
60096772
60096772
60096773
60096773
60096774
60097016
60097042
60097154
60097235
60097293
60097294
60097541
60098819
60098824
60102827
60102828
60110556
60110831
60110951
60124425
60124426
60124426
60124426
60124455
60125279
60125548
60125674
60126778
60127065
60127175
60132148
60132152
60132235
60132295
60167522
60167864
60168060
60215974
60216439
60216564
60287207
60287763
60288649
60323724
60407235
60408774
60447764
60448247
60448334
60470219
60470724
60470854
60472911
60472915
60472994
60473015
60473055
60473066
60473114
60473130
60473214
60473225
60473253
60473330
60473393
60473528
60473618
60473723
60473864
60474023
60475449
60477458
60481467
60496505
60496511
60496784
60496874
60509394
60509395
60509424
60514418
60514435
60514436
60552893
60552894
60552895
60923770
61115996
61116469
61116623
61116734
61116735
61116779
61116784
61116785
61116786
61116794
61116794
61116796
61116796
61116796
61116797
61116797
61116797
61116798
61116798
61116798
61116798
61117013
61117066
61117169
61117194
61117199
61117223
61117522
61117531
61117705
61118804
61118807
61119709
61122823
61122825
61123726
61126881
61126883
61127086
61127087
61146796
61147266
61147384
61236072
61236447
61236568
61236657
61240318
61266627
61267106
61267273
61336813
61336818
61337261
61337261
61337262
61337262
61337521
61337521
61337522
61337575
61337786
61337840
61338026
61338108
61338270
61338386
61338846
61370226
61370672
61370790
61475724
61475725
61475725
61523800
61966943
61967416
61967573
61967693
61967701
61967703
61967704
61967943
61968219
61968304
61968309
61970947
61971255
61971258
62123833
62136128
62136615
62136734
62136824
62136828
62136842
62136845
62136846
62136846
62136846
62136847
62136847
62136848
62136849
62136849
62136849
62136850
62136850
62136850
62136850
62136851
62137212
62137468
62138880
62138883
62138884
62138885
62142892
62142894
62142895
62142896
62146902
62150293
62150383
62150387
62150443
62166904
62167388
62167553
62177511
62177601
62177605
62177888
62178453
62195074
62195075
62195078
62207709
62208206
62208363
62247837
62247842
62247842
62248235
62256181
62256459
62256578
62263591
62270252
62270535
62270654
62272909
62272915
62272996
62273017
62273063
62273074
62273094
62273104
62273204
62273204
62273207
62273373
62273483
62273494
62273546
62273614
62273893
62274063
62275582
62277588
62281615
62296590
62296614
62296854
62296954
62383204
62383204
62383204
62383205
62723864
62822293
62822433
62822435
62822740
62822873
62822974
63156207
63156683
63156794
63156889
63156894
63166176
63166179
63166180
63166185
63166186
63166187
63166187
63166188
63166189
63166190
63166190
63166191
63166192
63166193
63166361
63166519
63166520
63166543
63166673
63166784
63166841
63167175
63168223
63169322
63169333
63169340
63172259
63176272
63178270
63182279
63186342
63186644
63186947
63187216
63187343
63188664
63192676
63257454
63257574
63257574
63276287
63276773
63276923
63323910
63871961
63872251
63924590
64070921
64071461
64071698
64072037
64072161
64073565
64073566
64073691
64073702
64073751
64073763
64073862
64073872
64074021
64074051
64074062
64074106
64074231
64074364
64074401
64074491
64074744
64074921
64076444
64078453
64082462
64091824
64097459
64097490
64097575
64097671
64124592
64124593
64124593
64176966
64177448
64177601
64177721
64177723
64180966
64180971
64180972
64180972
64180972
64180973
64180973
64180977
64180978
64180979
64180979
64180980
64180981
64180982
64180983
64180992
64181468
64181574
64181656
64182979
64182982
64186994
64187005
64207788
64208091
64208241
64256028
64256322
64256413
64278803
64279092
64279213
64279339
64279343
64279575
64279577
64279692
64279692
64279692
64279722
64279812
64279812
64279813
64279813
64279813
64279813
64279842
64279843
64279932
64279933
64279934
64279934
64279934
64279934
64279962
64279965
64279965
64279965
64279965
64279965
64279966
64279966
64279967
64296997
64297557
64297696
64524619
64772946
64772950
64772951
64772951
64772952
64773281
64773456
64773581
64773661
64773665
64773752
64773757
64773827
64773932
64773936
64773961
64774105
64774106
64774633
64774662
64774662
64774662
64774662
64774662
64774662
64775322
64778041
64783481
64794361
64814216
64816121
64859641
64892000
64892331
64970940
64971400
64971536
64988581
64988582
64988582
65015531
65015532
65124630
65197097
65197639
65197801
65207086
65207091
65207092
65207092
65207092
65207097
65207098
65207099
65207099
65207100
65207101
65207102
65207103
65207104
65207105
65207541
65207574
65207575
65207575
65207576
65207576
65207577
65207578
65207578
65207625
65207689
65207690
65207691
65207692
65207997
65208004
65208007
65208008
65208009
65209127
65209581
65209584
65209684
65213145
65213602
65213606
65213706
65217164
65217365
65217771
65219380
65223390
65317162
65317637
65317761
65571658
65571963
65724655
65848470
65848478
65848479
65848480
65848941
65848942
65849032
65849062
65849142
65850531
65851926
65851957
65852012
65852042
65852114
65852136
65852167
65852192
65852198
65852222
65852312
65852320
65852320
65852406
65852441
65852579
65852579
65852702
65852723
65852727
65854542
65857892
65857983
65858006
65858102
65858108
65858108
65858231
65858277
65858278
65858432
65858453
65858455
65858524
65858547
65858581
65858584
65858672
65858680
65858681
65858831
65859007
65859011
65859122
65859161
65859165
65859165
65870908
65871364
65871483
65871521
65871523
65871641
65873555
65873557
65873687
65873697
65873829
65873839
65873991
65874129
65874455
65874621
65874664
65875777
65875782
65876551
65877661
65878771
65878774
65880100
65880211
65880214
65880332
65880345
65880404
65880451
65880491
65880512
65880512
65880571
65880601
65880869
65880982
65881071
65882624
65884628
65888633
65903658
65903682
65903971
65904001
66217164
66217631
66217742
66217831
66217836
66217845
66217846
66217846
66217848
66217848
66217848
66217849
66217851
66217851
66217852
66217852
66217853
66217854
66217856
66217856
66217859
66217859
66217860
66217860
66217860
66218047
66218226
66219877
66219879
66219879
66223884
66223886
66223886
66230905
66232911
66236919
66247904
66248380
66248531
66259110
66259116
66259117
66261142
66261146
66324697
66327491
66327493
66327769
66327921
66337258
66337548
66337665
66770407
66770894
66771028
66778913
66778915
66924170
67236766
67237271
67237437
67237548
67237552
67237598
67237598
67237599
67237599
67237599
67237601
67237601
67237601
67237602
67237602
67237602
67237602
67237603
67237603
67237603
67237603
67237604
67237878
67237956
67237958
67237959
67237960
67237961
67237962
67237995
67237996
67237996
67237999
67238000
67238017
67238152
67238153
67238234
67238281
67238598
67238742
67238744
67238858
67238868
67238880
67238891
67239006
67239024
67239061
67239100
67239119
67239212
67239247
67239368
67239520
67239620
67239677
67239731
67239798
67239917
67239950
67239951
67240003
67240068
67241632
67243497
67243588
67243589
67243615
67243616
67243671
67243997
67244037
67244039
67244039
67244039
67244366
67244818
67244874
67245099
67245106
67245107
67245107
67245107
67245567
67245697
67245701
67245701
67245702
67245702
67245704
67245704
67245706
67245827
67246277
67246408
67246411
67246412
67246412
67246412
67246413
67246414
67246415
67246415
67247007
67247143
67247146
67247146
67247147
67247147
67247148
67247279
67247662
67247767
67267654
67268121
67268238
67273838
67273949
67273950
67273951
67273952
67275161
67275442
67275558
67304808
67304810
67304810
67304811
67334237
67334258
67334388
67334389
67355856
67356924
67357035
67364264
67364365
67364366
67365895
67394984
67395101
67395102
67395858
67425695
67425695
67425854
67425981
67425983
67455164
67455284
67455286
67455919
67484564
67484684
67484686
67485008
67515304
67515420
67515422
67515863
67524776
67544744
67544855
67544856
67546455
67575474
67575585
67575585
67576591
67604904
67605019
67605020
67606710
67635644
67635764
67635766
67635904
67665034
67665150
67665151
67667094
67670960
67671254
67671370
67673627
67673631
67673754
67673765
67673784
67673795
67673902
67673912
67673962
67673972
67674035
67674114
67674144
67674145
67674264
67674424
67674541
67674595
67674664
67674724
67674730
67674852
67675842
67676956
67676961
67677724
67678834
67679954
67679957
67681233
67681463
67681475
67681704
67681715
67681964
67682191
67682195
67682644
67682904
67684433
67686446
67690456
67694354
67694469
67694470
67697136
67705465
67705468
67705504
67705595
67705596
67705596
67705710
67708518
67708521
67708635
67708665
67710564
68124786
68256652
68257184
68257324
68257404
68257408
68257438
68257439
68257440
68257441
68257441
68257442
68257446
68257447
68257448
68257449
68257449
68257450
68257454
68257454
68257455
68257455
68257455
68257456
68257456
68257456
68258016
68258109
68259479
68259482
68259483
68259494
68259495
68263508
68263514
68263515
68263524
68263525
68300474
68302502
68306525
68313567
68313850
68314014
68373004
68373008
68373013
68373290
68376735
68377029
68377154
68547429
68547437
68547795
68547927
68548065
68548210
68552473
68552608
68552727
68552856
68553879
68553882
68554122
68554122
68554157
68554157
68571146
68571575
68571704
68627694
68627696
68627697
68693287
68724970
69171860
69172356
69172357
69172358
69172359
69172360
69172361
69172362
69222751
69223074
69276784
69277258
69277351
69286767
69286769
69286769
69286774
69286776
69286776
69286777
69286777
69286778
69286778
69286778
69286778
69286784
69286784
69286785
69286785
69286786
69287023
69287035
69287036
69287098
69287099
69287099
69287124
69287156
69287214
69287314
69287349
69287352
69287353
69287355
69287646
69289039
69289040
69289141
69293056
69293057
69293158
69316836
69317283
69317404
69325015
69325292
69325374
69325474
69325529
69396830
69397327
69397454
69448769
69448787
69448787
69449321
69449322
69451323
69455328
69471150
69471621
69471736
69473792
69473797
69473920
69473931
69474044
69474045
69474055
69474065
69474194
69474314
69474315
69474326
69474518
69474594
69474674
69474789
69474854
69474857
69475287
69475544
69477065
69479078
69483082
69498099
69498104
69498414
69498534
69558234
69558264
69558266
69924971
70022874
70022875
70023159
70023284
70296842
70297301
70297385
70297483
70297489
70297549
70297550
70297550
70297550
70297551
70297551
70297552
70297552
70297553
70297553
70297562
70297562
70297562
70297563
70297563
70297563
70297564
70297790
70297838
70297839
70298022
70299565
70299566
70299566
70299567
70303571
70303572
70303573
70303573
70327553
70327991
70328154
70371155
70371444
70371574
70416904
70417371
70417494
70493894
70493895
70493896
70525009
71088918
71089244
71125042
71248673
71249136
71249225
71273822
71273834
71274124
71274128
71274254
71274264
71274265
71274276
71274414
71274514
71274534
71274535
71274536
71274764
71274845
71274994
71274995
71275004
71275114
71275115
71275418
71275452
71275668
71276229
71277342
71277348
71278114
71279224
71280344
71280346
71281666
71282783
71283897
71283900
71284664
71285784
71286894
71286897
71288180
71289288
71290401
71290406
71291174
71291963
71292222
71292284
71293024
71293394
71293404
71294684
71294925
71294938
71295204
71295207
71295484
71295594
71295724
71295977
71296222
71296464
71298023
71300036
71304041
71312198
71316925
71317204
71317286
71317381
71317384
71319051
71319052
71319269
71319324
71321209
71321211
71321211
71321211
71321212
71321212
71321213
71321214
71321214
71321214
71321215
71321215
71321215
71321215
71321216
71321216
71321216
71321429
71321549
71321554
71321554
71321555
71323570
71327588
71331156
71331432
71331584
71347468
71347912
71348024
71432074
71432164
71432165
71437029
71437304
71437424
71725073
72032047
72032354
72171145
72171625
72171744
72325110
72337039
72337584
72337664
72337784
72337789
72337796
72337796
72337797
72337797
72337797
72337804
72337804
72337804
72337805
72337805
72337806
72337807
72337807
72337807
72337808
72337808
72337808
72337808
72338104
72338227
72338227
72338228
72338234
72338287
72338361
72338636
72339814
72339816
72339816
72340267
72343821
72343823
72343823
72344274
72348285
72351135
72351426
72351541
72379505
72381518
72385532
72392576
72392884
72392999
72404814
72404816
72411135
72411440
72411594
72457140
72457627
72457724
72772721
72773184
72924898
72926906
72930914
72934970
73048511
73048523
73048523
73048906
73048966
73049088
73051946
73052065
73070913
73071376
73071498
73073604
73073608
73073756
73073767
73073842
73073853
73073934
73073947
73074075
73074087
73074142
73074222
73074292
73074361
73074532
73074582
73074582
73074682
73074808
73075005
73075251
73075465
73077028
73079039
73083046
73098062
73098068
73098442
73098512
73356904
73357381
73357502
73357615
73357619
73357669
73357670
73357671
73357672
73357678
73357682
73357683
73357692
73357693
73357693
73357694
73357695
73357696
73357697
73357922
73357956
73357957
73358024
73358041
73358075
73358075
73358076
73358122
73358174
73358463
73359958
73360111
73363975
73364130
73370300
73370392
73370393
73370670
73370831
73387684
73388167
73388292
73476983
73477480
73477592
73524925
73970950
73971442
73971617
74124939
74339942
74339943
74339944
74377020
74377513
74377651
74387004
74387007
74387008
74387009
74387010
74387011
74387012
74387013
74387021
74387022
74387023
74387032
74387032
74387033
74387033
74387033
74387034
74387383
74387400
74387401
74387402
74387403
74387475
74387564
74387624
74387625
74387890
74387891
74387901
74387917
74388202
74388997
74389001
74389009
74390917
74391193
74391312
74393023
74393026
74393026
74497111
74497603
74497696
74724994
74725479
74725552
74725642
74725694
74870926
74871411
74871532
74873587
74873592
74873744
74873755
74873842
74873853
74873922
74873932
74874108
74874121
74874126
74874261
74874391
74874539
74874632
74874632
74874821
74874975
74875191
74875194
74875339
74875350
74875488
74875512
74875635
74875671
74875808
74875862
74876151
74876321
74876456
74878016
74880026
74884037
74899063
74899069
74899405
74899551
74899692
75324965
75339522
75339523
75339523
75339582
75397141
75397649
75397762
75407148
75407152
75407153
75407154
75407155
75407156
75407156
75407161
75407163
75407163
75407164
75407165
75407166
75407167
75407168
75407169
75407170
75407171
75407172
75407390
75407392
75407393
75407480
75407618
75407626
75407627
75407628
75409194
75409399
75409653
75410919
75411190
75411302
75413209
75413413
75413667
75417228
75417432
75517224
75517698
75517785
75761114
75761129
75761575
75761575
75761576
75761576
75761603
75761604
75761836
75761993
75762073
75762307
75762393
75762535
75762785
75763168
75770915
75771197
75771322
75924999
76348122
76348124
76372758
76373078
76373082
76373082
76417243
76417689
76417811
76417922
76417927
76427203
76427205
76427205
76427205
76427206
76427206
76427206
76427208
76427208
76427208
76427209
76427209
76427209
76427210
76427210
76427459
76427595
76427602
76427602
76429237
76433248
76447974
76448450
76448601
76525044
76537303
76537800
76537917
76648493
76648504
76648512
76648512
76648972
76649003
76649086
76649092
76649150
76649298
76649356
76649586
76649654
76649939
76650376
76650528
76650529
76650811
76651013
76651276
76651519
76651621
76651878
76651992
76652083
76652112
76652147
76652202
76652332
76652345
76652550
76652553
76652797
76653101
76654570
76654633
76655632
76658590
76658906
76659638
76664287
76668588
76668803
76670952
76671241
76671361
76673587
76673589
76673739
76673752
76673766
76673777
76673902
76673920
76673961
76673964
76674122
76674151
76674282
76674283
76674283
76674322
76674575
76674632
76674728
76674792
76674872
76676430
76678200
76678252
76678313
76678456
76682464
76697502
76697508
76697841
76698051
76698206
76730952
76731434
76731552
76852422
76852424
76852424
76852732
76852881
76852992
77125075
77150930
77151407
77151529
77350372
77350373
77350373
77437316
77437763
77437911
77437992
77437995
77447276
77447279
77447280
77447285
77447286
77447287
77447289
77447289
77447290
77447291
77447293
77447293
77447294
77447295
77447296
77447428
77447517
77447557
77447562
77447562
77447606
77447607
77449616
77450931
77451212
77451341
77453660
77510907
77511401
77511522
77556397
77556690
77556802
77570912
77571379
77571498
77725118
78165942
78166252
78316732
78316733
78325135
78456434
78456951
78457101
78457212
78457216
78466401
78466408
78466409
78466409
78466409
78466410
78466410
78466410
78466413
78466414
78466414
78466415
78466416
78466417
78466419
78466694
78466734
78466872
78466973
78467034
78467035
78467254
78468431
78468434
78469036
78472449
78472452
78473054
78473562
78473569
78473690
78473701
78473821
78473832
78473971
78474088
78474381
78474541
78474675
78475789
78475794
78476561
78477104
78477671
78477792
78477794
78478054
78478063
78478392
78478615
78478651
78478792
78478803
78478965
78478976
78479062
78479181
78479265
78479362
78479552
78479719
78479883
78481443
78483452
78487470
78502512
78502518
78502812
78502879
78511479
78511767
78513330
78513422
78530942
78541649
78541658
78541939
78576491
78576975
78577132
78925160
79172298
79172632
79214577
79214842
79214934
79267692
79267692
79267732
79370940
79371453
79371575
79476525
79477016
79477127
79477212
79477214
79477223
79477224
79477224
79477224
79477226
79477226
79477226
79477226
79477227
79477227
79477227
79477228
79477228
79477228
79477522
79477546
79477552
79477553
79477615
79477651
79477762
79477815
79477818
79478098
79478101
79479265
79480117
79483275
79484130
79485112
79485124
79485422
79487296
79487473
79501963
79501965
79501992
79507299
79507609
79507732
79525191
79525732
79525735
79525786
79596548
79597022
79597171
79972779
79973203
79973204
80125215
80191574
80191832
80209782
80209782
80248532
80248541
80248542
80249053
80249107
80249244
80250523
80254543
80258600
80270932
80271406
80271561
80273583
80273585
80273713
80273724
80273856
80273856
80273867
80273877
80274051
80274152
80274173
80274188
80274190
80274431
80274552
80274553
80274692
80274701
80274931
80275193
80275438
80276997
80279016
80283037
80298029
80298052
80298348
80298477
80496604
80497098
80497217
80497332
80497335
80506557
80506572
80506572
80506572
80506573
80506574
80506574
80506575
80506575
80506575
80506576
80506576
80506576
80506576
80506749
80506871
80506874
80506875
80506876
80506992
80508600
80509003
80512613
80513016
80517078
80536636
80537099
80537881
80538041
80616681
80617127
80617212
80666722
80666724
80666724
80667017
80667182
80725233
80727247
80731261
80735326
81124902
81124903
81170923
81171422
81171581
81325236
81516714
81517205
81517302
81526682
81526685
81526686
81526687
81526688
81526689
81526690
81526695
81526696
81526697
81526697
81526698
81526699
81526700
81526700
81526701
81526702
81526703
81526704
81526906
81526908
81527033
81527034
81527037
81527038
81527039
81527052
81527163
81527204
81527518
81528730
81528935
81530952
81531234
81531365
81532772
81532976
81533101
81536790
81537261
81537273
81539269
81543287
81636785
81637244
81637336
81925193
82019632
82019633
82048447
82048940
82049091
82070939
82071443
82071559
82073565
82073569
82073692
82073703
82073750
82073761
82073837
82073847
82073926
82073938
82074001
82074112
82074135
82074441
82074472
82074631
82074632
82076154
82078163
82082173
82097203
82097209
82097502
82097572
82525241
82536813
82537267
82537392
82537474
82537475
82537543
82537544
82537547
82537547
82537549
82537550
82537552
82537553
82537562
82537566
82537567
82537568
82537569
82537569
82537570
82537571
82537572
82537574
82537903
82537904
82538002
82538004
82539587
82543606
82656862
82657345
82657471
82915592
82915593
82970933
82970943
82970944
82971377
82971377
82971378
82971378
82971416
82971416
82971442
82971591
82971617
82971647
82971843
82971903
82972067
82972154
82972284
82972401
83125248
83556909
83557382
83557503
83557623
83557625
83557663
83557664
83557664
83557665
83557666
83557669
83557669
83557670
83557670
83557671
83557671
83557672
83557672
83557673
83557912
83558018
83558027
83558031
83558032
83558042
83558047
83558048
83558124
83558124
83558126
83558152
83558174
83558175
83558175
83558301
83558542
83560095
83560151
83564111
83564162
83566817
83567105
83567222
83567224
83567224
83572837
83573087
83573088
83587719
83588242
83588346
83676999
83677522
83677602
83725276
83727289
83731303
83735319
83789802
83789803
83789803
83848495
83848512
83848513
83848951
83848953
83849102
83849175
83849284
83849444
83849445
83849447
83849615
83849674
83849746
83849747
83849916
83870902
83871392
83871542
83873562
83873567
83873720
83873724
83873733
83873746
83873876
83873887
83873909
83873927
83874061
83874091
83874212
83874213
83874232
83874480
83874562
83874622
83874751
83874812
83874932
83875737
83877746
83881761
83896792
83896798
83897178
83897281
83897426
83930918
83931417
83931537
84207042
84207044
84207044
84207319
84207471
84325239
84577011
84577494
84577579
84577662
84577666
84581024
84581032
84581033
84581034
84581035
84581036
84581042
84581042
84581043
84581043
84581044
84581045
84581045
84581045
84581046
84581046
84581046
84581047
84581047
84581371
84581427
84583052
84583055
84587067
84587070
84590931
84591203
84591361
84607758
84608253
84608382
84611141
84611142
84697083
84697565
84697721
84770915
84771412
84771531
84926297
85366912
85367201
85408672
85408674
85526316
85526750
85527085
85598106
85598578
85598731
85598811
85598819
85602014
85602018
85602019
85602020
85602020
85602028
85602032
85602033
85602033
85602033
85602033
85602034
85602034
85602034
85602035
85602035
85602035
85602294
85602388
85602391
85602392
85602432
85602436
85602561
85602580
85602581
85602781
85602782
85602783
85602785
85602786
85604049
85604402
85608066
85608420
85611900
85612107
85612201
85612311
85628902
85629387
85629511
85671946
85672409
85672530
85674583
85674585
85674744
85674745
85674758
85674792
85674915
85674936
85674949
85674953
85675101
85675141
85675243
85675303
85675306
85675578
85675713
85675751
85675901
85676040
85677595
85679599
85683604
85698622
85698624
85698762
85698791
85718186
85718653
85718751
85731257
85731714
85731914
85751229
86065975
86066263
86066354
86066487
86066489
86066663
86066685
86066866
86066965
86067054
86067173
86067513
86068418
86068418
86068452
86068509
86068572
86068653
86068744
86068863
86069110
86069242
86069264
86069266
86069267
86069267
86069267
86069267
86069383
86069384
86069384
86069482
86069563
86069654
86069776
86069873
86069965
86070013
86070133
86070135
86101028
86101323
86101425
86101550
86101780
86102175
86102176
86102177
86102192
86102291
86102376
86102473
86102769
86102885
86102886
86102973
86102973
86102973
86102973
86103064
86103064
86103083
86103163
86103253
86103384
86103508
86103509
86103616
86103683
86103723
86103781
86125483
86131041
86131182
86131330
86131630
86131633
86131663
86131712
86131732
86131813
86131905
86132021
86132025
86132233
86132248
86132254
86132354
86132393
86132449
86132513
86132516
86132593
86132594
86132594
86132623
86132683
86132708
86132837
86132960
86133136
86133172
86133237
86138697
86138793
86161027
86161329
86161489
86161843
86161853
86161883
86161918
86161939
86161947
86162023
86162026
86162054
86162133
86162139
86162139
86162139
86162141
86162223
86162226
86162321
86162324
86162500
86162516
86162535
86162885
86163004
86163163
86163202
86163231
86168231
86168326
86191044
86191395
86191516
86192023
86192023
86192144
86192145
86192173
86192174
86192175
86192416
86192523
86192615
86192703
86192706
86192911
86192918
86192918
86192918
86193045
86193139
86193235
86193316
86193321
86193433
86193437
86193646
86193797
86193929
86194123
86194163
86194211
86194233
86194234
86198970
86198971
86199053
86199054
86221037
86221376
86221505
86222005
86222006
86222006
86222136
86222137
86222197
86222382
86222524
86222720
86222752
86222793
86251044
86251408
86251575
86251900
86251903
86251967
86252103
86252107
86252286
86252300
86252346
86252503
86252628
86252780
86252812
86252852
86281036
86281360
86281505
86281950
86281950
86281983
86282024
86282049
86282143
86282238
86282381
86282384
86282603
86282622
86282655
86282793
86282813
86282930
86283113
86283152
86283203
86311038
86311381
86311511
86311804
86311804
86311843
86311904
86311934
86312077
86312227
86312382
86312422
86312455
86341036
86341403
86341549
86341908
86341912
86341942
86341984
86342011
86342145
86342148
86342340
86342350
86342376
86342483
86342484
86342583
86342713
86342716
86342923
86342926
86342926
86342927
86342927
86342953
86342956
86342956
86342956
86342957
86342957
86342980
86343113
86343262
86343443
86343483
86343546
86371039
86371381
86371550
86371881
86371882
86371912
86371916
86371937
86372033
86372117
86372252
86372256
86372470
86372489
86372519
86372644
86372674
86372790
86372973
86373013
86373060
86401044
86401361
86401494
86401820
86401823
86401853
86401892
86401913
86401995
86402095
86402236
86402239
86402419
86402422
86402423
86402427
86402429
86402430
86402431
86402431
86402431
86402431
86402432
86402447
86402475
86402633
86402758
86402936
86402972
86403012
86431036
86431356
86431493
86431920
86431922
86431952
86432024
86432034
86432093