80
68
76
75
75
80
68
68
76
75
68
68
76
75
68
68
69
104
68
76
80
80
76
75
68
68
76
75
68
68
76
68
75
68
68
76
75
68
68
76
68
75
68
68
76
56
68
75
68
85
85
75
68
68
68
80
80
80
80
80
80
80
115
91
68
68
69
104
69
104
93
68
78
76
68
148
68
68
68
250
68
88
664
68
91
68
68
69
104
69
104
93
68
68
69
104
68
80
68
69
104
76
76
68
1077
80
80
80
80
56
56
56
56
56
56
56
56
56
78
76
68
148
68
254
68
88
668
68
95
68
68
68
69
104
93
68
69
104
69
104
93
68
69
104
83
78
76
76
56
295
68
148
56
56
56
56
56
68
68
68
311
250
56
56
56
56
68
88
664
307
56
56
56
56
68
309
91
68
56
56
56
56
56
68
68
56
56
69
104
93
68
69
104
69
104
93
68
69
104
76
76
68
1077
68
68
56
56
56
56
56
56
56
78
76
68
148
68
254
68
88
668
68
95
68
68
93
68
69
104
88
92
69
104
93
68
69
104
68
69
104
78
76
68
148
68
254
68
88
668
68
95
68
68
93
68
68
69
104
68
69
104
93
68
69
104
69
104
93
68
76
76
68
1077
68
68
56
56
56
56
56
56
56
56
56
83
78
76
76
68
307
68
148
80
68
68
68
68
68
68
68
319
80
68
80
68
80
68
250
321
68
88
664
68
80
88
80
68
323
68
91
68
68
68
68
68
68
80
80
80
69
104
68
69
104
93
68
68
69
104
68
69
104
93
68
78
76
68
148
68
250
68
87
664
68
91
68
68
68
68
69
104
93
68
69
104
69
104
93
68
69
104
76
76
68
1077
68
68
56
56
56
56
56
56
56
56
56
78
76
68
148
68
254
68
88
668
68
68
95
68
56
56
69
104
88
92
93
68
69
104
68
69
104
93
68
68
69
104
83
78
76
76
56
295
68
148
56
56
56
56
68
68
68
68
307
56
56
56
56
250
309
68
68
88
664
56
56
56
56
56
311
68
56
56
91
68
56
56
68
68
68
68
68
68
68
56
68
69
104
93
68
69
104
69
104
93
68
69
104
76
76
68
1077
68
80
80
80
56
56
56
56
56
78
76
68
148
68
68
68
250
68
88
664
68
91
68
68
68
69
104
93
68
68
69
104
93
68
68
69
104
69
104
78
76
68
148
68
250
68
87
664
68
91
68
68
93
68
69
104
76
68
148
68
68
68
68
378
374
68
68
69
104
93
68
69
104
68
68
69
104
76
76
68
1077
68
68
56
56
56
56
56
83
78
76
76
56
295
68
148
68
56
56
254
56
56
56
68
88
307
668
56
56
56
56
56
309
68
95
68
56
56
56
56
56
68
311
56
56
56
56
93
68
56
56
68
69
104
88
92
68
69
104
93
68
68
69
104
69
104
93
68
78
76
68
148
68
254
68
88
668
68
95
68
68
69
104
69
104
93
68
69
104
69
104
93
68
76
1000
95
68
88
1027
78
1027
76
76
68
1077
76
68
148
68
68
68
68
68
68
68
68
148
68
56
56
56
254
1027
68
88
68
68
68
1000
250
68
88
68
68
664
68
91
68
68
68
1027
1027
1027
1027
80
80
80
80
69
104
93
68
69
104
82
76
68
330
80
68
68
68
68
68
68
68
68
68
68
68
68
68
68
68
68
68
68
68
68
68
68
80
68
68
88
92
68
69
104
93
68
68
69
104
78
83
76
76
68
148
68
307
80
68
68
68
68
68
68
68
80
250
68
88
664
68
91
68
68
80
80
68
69
104
93
68
68
69
69
104
104
68
69
104
93
68
68
69
104
78
76
68
148
68
250
68
87
664
68
91
68
68
76
76
68
1077
68
68
68
56
56
56
56
56
56
56
68
69
104
88
92
93
68
69
104
69
104
93
68
78
76
68
148
68
250
68
88
664
68
91
68
68
68
69
104
68
69
104
93
68
69
104
93
68
69
104
78
76
68
148
68
68
68
250
68
88
664
68
91
68
68
69
104
76
76
68
1077
68
80
80
56
56
56
56
56
56
56
83
76
56
295
56
56
56
56
56
68
68
68
68
68
68
68
68
56
56
93
68
69
104
69
104
93
68
69
104
78
76
68
148
68
254
68
88
668
68
95
68
68
68
69
104
93
68
68
69
104
68
69
104
93
68
68
69
104
78
76
68
148
68
254
68
88
668
68
95
68
68
69
104
93
68
76
76
68
1077
68
68
56
56
56
56
56
56
56
56
88
92
69
104
69
104
93
68
68
69
104
93
68
78
76
68
148
68
68
68
250
68
88
664
68
91
68
68
68
69
104
83
76
56
295
56
56
56
56
56
56
56
69
104
93
68
68
69
104
68
69
104
93
68
78
76
68
148
68
250
68
88
664
68
91
68
68
68
69
104
76
76
68
1077
68
68
56
56
56
56
56
69
104
93
68
69
104
68
69
104
93
68
78
76
68
148
68
254
68
88
668
68
95
68
68
68
69
104
69
104
93
68
76
68
148
68
68
68
68
378
374
68
68
69
104
78
76
68
148
68
250
68
88
674
262
269
441
263
352
68
68
69
104
93
68
78
76
68
148
68
250
68
87
664
68
91
68
68
68
69
69
104
76
1486
408
95
68
88
76
76
68
1077
68
148
68
68
68
68
56
56
56
56
254
56
56
56
56
68
88
1486
408
68
68
68
68
68
68
88
76
68
148
68
68
1486
254
68
88
296
691
68
68
76
68
148
80
68
68
254
68
1110
68
1486
1486
68
1486
80
80
80
80
80
88
92
93
68
68
69
104
92
274
513
95
68
76
746
76
68
148
80
68
254
68
88
274
513
68
746
746
746
746
88
92
80
80
80
80
68
69
69
104
93
68
69
104
78
76
68
148
68
68
68
250
68
88
664
68
91
68
68
69
104
93
68
69
104
69
104
93
68
69
104
78
76
68
148
68
254
68
88
668
68
95
68
68
68
69
104
76
76
68
1077
68
68
56
56
56
56
56
56
56
93
68
68
69
104
68
69
104
93
68
68
68
76
76
76
76
76
76
76
76
76
76
76
76
76
68
69
116
68
69
324
69
126
68
69
70
69
70
69
78
76
70
68
148
68
250
68
87
664
68
91
68
68
69
80
103
80
68
76
76
76
76
76
93
68
76
76
76
76
76
76
76
76
76
84
76
76
76
68
69
116
68
69
324
69
129
68
69
70
69
70
69
70
80
80
80
69
104
93
68
69
70
69
70
69
70
68
80
80
80
68
69
104
69
70
69
70
69
70
69
104
78
76
68
148
68
68
68
250
68
88
664
68
91
68
68
69
70
76
76
68
1077
68
68
56
56
56
56
56
69
70
69
70
93
68
69
104
69
70
69
70
69
70
88
92
69
104
69
70
69
70
69
70
93
68
69
70
69
104
69
70
69
70
69
70
78
76
68
148
68
254
68
88
668
68
95
68
68
69
104
69
70
69
70
93
68
69
70
69
104
69
70
69
70
69
70
69
104
69
70
68
68
68
68
68
68
68
68
68
93
68
69
70
69
70
69
104
69
69
70
69
70
69
70
78
76
68
148
68
250
68
87
664
68
91
68
68
69
104
69
70
93
68
76
76
76
68
1077
68
68
56
56
56
56
56
56
69
70
69
70
69
70
69
104
69
70
69
70
69
70
68
69
104
93
93
68
69
70
69
70
69
70
68
69
104
69
70
69
70
69
70
78
76
68
148
68
250
68
88
664
68
91
68
68
69
104
93
68
69
70
69
70
69
70
69
104
69
70
69
70
69
70
93
68
68
69
80
104
69
70
69
70
69
70
69
70
68
69
104
69
70
69
70
93
68
69
70
78
76
68
148
68
68
68
250
68
88
664
68
91
68
68
68
69
104
69
70
76
76
68
1077
80
80
80
56
56
56
56
56
56
56
56
69
70
69
70
69
104
69
70
69
70
93
68
88
92
69
70
69
104
92
69
70
69
70
69
70
68
69
104
69
70
69
70
93
68
69
70
78
76
68
148
68
68
68
250
68
88
664
68
91
68
68
69
68
107
69
70
69
70
69
70
68
69
104
69
70
93
68
69
70
69
70
69
104
69
70
69
70
69
70
69
104
69
70
93
68
69
70
69
70
78
76
68
148
68
68
68
250
250
250
68
88
664
68
91
68
68
69
104
69
70
76
76
68
1077
68
68
56
56
56
56
56
69
70
69
70
69
104
93
68
69
70
69
70
69
70
69
70
69
104
69
70
69
70
93
68
69
70
68
69
104
69
70
69
70
69
70
78
76
68
148
68
250
68
88
664
68
91
68
68
68
69
104
69
70
69
70
93
68
69
70
68
69
104
69
70
69
70
76
68
148
68
68
68
68
378
374
68
68
69
70
68
69
104
69
70
68
69
70
93
68
69
70
68
69
104
69
70
69
70
69
70
78
76
68
148
68
68
68
250
68
88
664
68
91
68
68
69
70
68
69
104
76
76
68
1077
68
68
56
56
56
56
69
70
93
68
69
70
69
70
68
69
104
69
70
69
70
69
70
88
92
69
104
69
70
93
68
69
70
69
70
69
104
69
70
69
70
69
70
78
76
68
148
68
254
68
88
668
68
95
68
68
68
69
104
69
70
93
68
69
70
69
70
68
69
104
69
70
69
70
69
70
69
70
69
104
93
68
69
70
69
70
69
70
68
69
104
69
70
69
78
76
70
68
148
68
250
68
87
664
68
91
68
68
69
70
93
68
68
69
104
76
1000
95
68
88
1027
1027
1027
76
76
68
1077
68
148
80
68
80
80
68
68
68
56
56
56
56
254
68
88
1000
68
68
68
68
69
1027
70
1027
1027
1027
1027
80
80
80
69
70
69
70
69
104
69
70
69
70
69
70
70
93
68
82
76
68
330
80
68
68
68
68
68
68
68
68
68
68
68
68
68
68
68
68
68
68
68
68
68
68
68
68
68
69
104
69
70
69
70
69
70
69
70
68
69
104
88
92
69
70
78
76
68
148
68
68
68
250
68
88
664
68
91
68
68
68
93
68
69
70
69
70
68
69
104
69
70
69
70
69
70
68
69
104
69
70
93
68
69
70
69
70
68
69
104
69
70
69
70
69
70
69
104
69
70
93
68
69
78
76
70
68
148
68
250
68
88
664
68
91
68
68
69
70
68
69
104
69
70
76
76
68
1077
68
68
56
56
56
56
56
56
56
69
70
69
70
69
70
68
69
104
93
68
69
70
69
70
88
92
69
70
68
69
104
69
70
69
70
69
70
69
104
93
68
69
70
78
76
68
148
68
250
68
88
664
68
91
68
68
69
70
69
70
69
104
69
70
69
70
69
70
93
68
69
104
69
70
69
70
69
70
69
104
69
70
69
70
69
70
93
68
69
70
69
104
69
70
78
76
68
148
68
250
68
87
664
68
91
68
68
69
70
69
70
68
69
104
76
76
68
1077
68
68
56
56
56
56
56
56
56
56
56
69
70
69
70
93
68
69
70
68
69
104
69
70
69
70
69
70
69
104
69
70
69
70
93
68
69
70
69
104
69
70
78
76
68
148
68
68
68
250
68
88
664
68
91
68
68
69
70
69
70
69
68
107
69
70
93
68
69
70
69
70
68
69
104
69
70
69
70
69
70
69
104
93
68
69
69
70
69
70
69
70
69
104
78
76
68
148
68
68
68
250
68
88
664
68
91
68
68
69
70
69
70
69
70
69
104
76
76
68
1077
68
68
56
56
56
56
56
56
56
56
93
68
69
70
69
70
69
70
69
104
69
70
69
70
69
70
88
92
93
68
69
70
69
104
69
70
69
70
69
78
76
70
68
148
68
254
68
88
668
68
95
68
68
68
69
104
69
70
69
70
93
68
69
70
68
69
104
69
70
68
80
80
80
68
69
70
69
70
69
104
69
70
69
70
69
70
69
104
69
70
93
68
69
70
69
70
78
76
68
148
68
250
68
87
664
68
91
68
68
69
104
69
70
69
70
69
70
115
68
115
68
68
115
68
68
