23785.675
25096.557
135054.046
135352.508
308780.792
310973.724
593781.25
596417.938
878794.616
881491.302
1041613.464
1041948.822
1163797.821
1166421.448
1448785.37
1451533.294
1592297.577
1594946.625
1595217.346
1595240.875
1595567.413
1595607.147
1595647.43
1595967.315
1596331.848
1596388.916
1596607.147
1596779.48
1733779.175
1736467.804
1738858.673
1945345.855
1945872.101
2018788.696
2021466.278
2303786.133
2306376.831
2588782.928
2590884.491
2851260.223
2851588.592
2873815.826
2876518.066
3158786.224
3160847.748
3443870.117
3446054.26
3728789.093
3731472.168
3754040.191
3754571.045
4013791.656
4015887.878
4298788.482
4300854.797
4583813.782
4585931.518
4665373.26
4665900.451
4868784.393
4871469.177
5153786.926
5155824.768
5438781.646
5441439.575
5571226.776
5571541.626
5723786.102
5725887.97
6008794.769
6010924.774
6293802.795
6295931.579
6473940.216
6474499.664
6578784.424
6581503.387
6863791.382
6865895.355
7148783.447
7151582.794
7378260.742
7378790.008
7433778.869
7436446.014
7718775.085
7720886.719
8003780.212
8006558.227
8281938.019
8282460.754
8288778.29
8290940.765
8573819.244
8575918.152
8858794.037
8860884.735
9143797.455
9145991.821
9186265.411
9186801.452
9428787.72
9430849.273
9713786.285
9715846.13
9998814.758
10000893.34
10089945.07
10090472.47
10283779.63
10285780.24
10568786.59
10570897.67
10853781.19
10855924.35
10994232.82
10994752.99
11138792.21
11140861.39
11423789.61
11425868.44
11708785.52
11710855.47
11897872.22
11898563.84
11993826.66
11995922.49
12278780.18
12282839.63
12284969.73
12563792.94
12564287.14
12802169.92
12802694.58
12848791.23
12850844.06
13133789.34
13135861.97
13418793.76
13420978.18
13703790.77
13705579.53
13705906.19
13988815.83
13990862.49
14273777.04
14275899.81
14558818.94
14560906.59
14608915.86
14608940.64
14609525.88
14843803.44
14845813.51
15128787.78
15130941.41
15413782.26
15415897.77
15513269.56
15513275.12
15513856.38
15698827.06
15700884.19
15983793.61
15985851.47
16268784
16270938.35
16416866.82
16416889.83
16417486.69
16553787.32
16555875.73
16838798.13
16840952.91
17123803.53
17125929.81
17321243.23
17321767.67
17408788.42
17410897.8
17693821.99
17695903.9
17978788.73
17980901.25
18224833.04
18225378.75
18263823.55
18265928.22
18548820.74
18550959.59
18833787.32
18835922.36
19118785.49
19120860.87
19129173.89
19129699.77
19403784.45
19405886.69
19688863.77
19690903.87
19973814.12
19975931.18
20032890.75
20033420.35
20258777.65
20260798.25
20543779.94
20545926.54
20828780.06
20830832.7
20937145.57
20937671.42
21113773.93
21115869.57
21398781.52
21400836.94
21683785.77
21685874.05
21840899.6
21840924.56
21841462.59
21968779.21
21970841.03
22253783.66
22255928.16
22538782.87
22540905.46
22745143.4
22745173.65
22745763.34
22823784.58
22825862.46
23108802.83
23110939.91
23393781.19
23395886.96
23648828.77
23649354.8
23678814.88
23680834.75
23963783.08
23965831.67
24248779.97
24250878.75
24533778.56
24535876.22
24553128.94
24553675.63
24818791.02
24820898.96
25103768.77
25105850.62
25388787.9
25390867.22
25458409.58
25458410.4
25458996.64
25673782.5
25675804.26
25958795.23
25960871.06
26243797.88
26245918.12
26361707.37
26361735.96
26362327.03
26528829.56
26530885.35
26813818.24
26815882.29
27098804.57
27101779.33
27266050.17
27266597.66
27383788.39
27385876.43
27668782.44
27670883.45
27953791.87
27955830.69
28169709.87
28169720.25
28170298.4
28238788.33
28240837.74
28523786.16
28525854.92
28808779.57
28810842.38
29072759.77
29072780.73
29073379.79
29093786.41
29095869.42
29378793.85
29380886.78
29663792.94
29665863.8
29948784.39
29950952.09
29977064.24
29977590.7
30233791.11
30235848.05
30518831.94
30520895.42
30803808.84
30805932.43
30880723.33
30881251.59
31088782.9
31090889.74
31373781.59
31375888.64
31658804.9
31660863.89
31783750.4
31784272.43
31943791.87
31945832.06
32228789.7
32230918.24
32513792.51
32515815.55
32688089.57
32688091.22
32688673.77
32798804.9
32800862.79
33083786.74
33085881.32
33368787.51
33370916.96
33591714.91
33591740.2
33592334.75
33653803.28
33655894.29
33938820.95
33940901.31
34223804.75
34225908.69
34497199.55
34497204.04
34497805.85
34508802.77
34510535.58
34510875.61
34793784.82
34795882.78
35078803.92
35080881.68
35363782.93
35365927.19
35400976.72
35401019.01
35401616.76
35648791.29
35650804.2
35933779.54
35935911.53
36218816.86
36220918.95
36304667.91
36304700.2
36305287.45
36503794.95
36505885.65
36788808.32
36790952.85
37073805.73
37075910.13
37207698.64
37207723.88
37208338.84
37358803.22
37360887.12
37643783.36
37645864.29
37928781.04
37930811.71
38110798.68
38111309.75
38213781.65
38215838.84
38498795.44
38500935.88
38783790.04
38785873.17
39013787.78
39014321.2
39068787.17
39070890.44
39353783.75
39355887.76
39638782.78
39641503.3
39916832.58
39917362.24
39923793.85
39925912.23
40208792.91
40210869.54
40493781.04
40495916.75
40778799.74
40782423.98
40821138.46
40821663.54
41063792.91
41065931.58
41348791.93
41350892.67
41633787.23
41635836.09
41724770.42
41725294.95
41918784.97
41920863.07
42203792.63
42205920.47
42488785.19
42490857.61
42630010.47
42630023.53
42630350.74
42773785.06
42775865.11
43058798.8
43061667.97
43343804.32
43346497.99
43535079.56
43535089.81
43535667.69
43628797.18
43630877.04
43913791.32
43915863.92
44198791.11
44201400.09
44441222.66
44441252.9
44441562.77
44483780.76
44486481.23
44768793.34
44770875.82
44792042.21
44794866.18
44794884.95
44795266.02
44795325.99
44795356.11
44795665.77
44795905.03
44795953.43
44796245.94
44796349.88
45053795.38
45056582.15
45058879.85
45338797.24
45340860.23
45342918.92
45343450.13
45623786.47
45626463.84
45908804.75
45911562.87
46193791.44
46196558.14
46249185.94
46249492.28
46478803.83
46481516.21
46763803.28
46766563.2
47048805.76
47051606.81
47153261.02
47153792.51
47333785.98
47335781.25
47618791.66
47620928.8
47903791.11
47906486.82
48056918.4
48057655.3
48188792.82
48191497.77
48473807.46
48475940.52
48758816.62
48760877.9
48961214.91
48961756.23
49043802.98
49045975.49
49328792.66
49330822.85
49613827.94
49615890.9
49867140.2
49867431.79
49898786.38
49900818.02
50183795.93
50186573.61
50468794.89
50471576.51
50753787.81
50755810.55
50769814.88
50770340.3
51038781.37
51040857.88
51323790.16
51326498.47
51608805.05
51611521.33
51674160.28
51674682.59
51893785.25
51895840.7
52178790.95
52181493.71
52463787.66
52466514.86
52580009.7
52580978.09
52748787.05
52750843.32
53033788.61
53036609.5
53318782.14
53321464.29
53486279.57
53486284.21
53486591.46
53603792.82
53606501.25
53888789.18
53891549.38
54173784.97
54176535.1
54389739.62
54389763.24
54390359.47
54458789.95
54461584.69
54743789.67
54747130.77
54754039.64
55028793.24
55031804.87
55296139.86
55296153.75
55296459.29
55313786.74
55316477.45
55598793.52
55601751.59
55883787.02
55886522.28
56168786.87
56171548.07
56202416.87
56202440.03
56202746.61
56453807.07
56456518.68
56738786.96
56741544.34
57023803.5
57026671.02
57107949.71
57107964.63
57108341.71
57308787.48
57311530.91
57593780
57595820.56
57878792.51
57881502.84
58013251.34
58013270.45
58013571.72
58163800.02
58165814.82
58448786.9
58451652.83
58733786.38
58736512.18
58919152.65
58919489.72
59018792.36
59021836.61
59028239.65
59303789.8
59306489.93
59588806.03
59591495.33
59824773.47
59825071.53
59873783.48
59876555.6
60158793.58
60161466.06
60443805.69
60446517.7
60728791.02
60730329.53
60730505.34
61013789.73
61016559.72
61298844.48
61301601.56
61583797.67
61586504.36
61635912.54
61635936.92
61636292.45
61868783.48
61873657.87
62153792.02
62156601.29
62438789.55
62441442.6
62540969.57
62540997.16
62541323.06
62723789.25
62726535.25
63008784.3
63011490.39
63293791.57
63296558.29
63445817.41
63445846.37
63446197.72
63578780.55
63580862.43
63863787.96
63867133.7
64148791.35
64155219.57
64155698.36
64351308.87
64351665.19
64433779.02
64437045.53
64718795.44
64722706.6
65003790.41
65006942.78
65265596.53
65265608.83
65265976.62
65288784.91
65292085.82
65573781.4
65579533.02
65858823.64
65862074.19
66143789.58
66153699.59
66158052.03
66167430.48
66167779.45
66428803.77
66442832.92
66713797.09
66741099.64
66744749.27
66998790.65
67002688.23
67081014.62
67081066.44
67081514.89
67283824.16
67287053.96
67568798.61
67571926.36
67853781.62
67856738.53
67987234.62
67987262.42
67987584.08
68138807.65
68141552.19
68423798.43
68427318.97
68708790.77
68712424.19
68893679.57
68893722.26
68894114.26
68993796.42
69001539.55
69002565.09
69278796.05
69289102.72
69563790.1
69566865.81
69799813.23
69799838.35
69800252.99
69848780.76
69851465.06
70133783.11
70137230.35
70418794.53
70422022.46
70703787.38
70706819.61
70706954.9
70988796.84
70997939.61
70999797.97
71273807.89
71276851.72
71558790.99
71561834.44
71612222.96
71612294.34
71612644.2
71843783.11
71847305.88
72128791.26
72138776.12
72413783.36
72416705.57
72517799.47
72517822.75
72518174.68
72698803.8
72702056.37
72983787.45
72986502.44
73268804.44
73271992.49
73423469.85
73423477.39
73423875.79
73553785.28
73556879.46
73838784.15
73842053.19
74123784.3
74127070.25
74329302.83
74329330.2
74329662.78
74408794.19
74412214.87
74693781.95
74697079.25
74978797.7
74982204.96
75235836.21
75236181.7
75263787.99
75266764.59
75548799.29
75551436.19
75833822.36
75836534.36
76118788.85
76121454.13
76140759.58
76140761.23
76141123.32
76403779.69
76406675.78
76688803.16
76691528.75
76973814.24
76976518.01
77045689.67
77045722.63
77046016.75
77258797.61
77261589.91
77543798.37
77545900.73
77828797.42
77830887.79
77948442.78
77948986.36
78113794.43
78117342.9
78123579.59
78398812.68
78400861.69
78683802.19
78685918.15
78851470.25
78851996.31
78968793.27
78970995.09
79253796.69
79255831.91
79538796.33
79540869.23
79754500.21
79755026.18
79823787.32
79825915.5
80108784.33
80110872.35
80393788.54
80395869.11
80659765.35
80660115.97
80678778.72

