0
548
720
9998
10001
10002
10003
10003
10004
10005
10006
10011
10012
10012
10014
10015
10015
10016
10016
10017
10018
10019
10278
10363
10363
10364
10365
10430
10477
10657
10710
10710
10964
12023
12376
16038
16392
20104
20313
20314
22322
22326
26344
26347
103948
120072
120682
120857
124786
124787
233838
234322
703780
719631
720050
833193
833201
833202
833203
833513
833514
833567
833736
833736
833741
833827
833948
834050
834052
834229
834305
834404
834490
834635
834824
836071
836827
837044
837057
837275
837285
837527
837840
839319
840064
842982
843071
843173
843251
843311
844126
848712
853346
853560
858304
858308
858449
858460
858472
858483
858591
858601
858658
858668
858780
858840
858870
858926
858981
858982
859143
859270
859291
859420
859445
859567
861126
862164
862167
862298
862330
867653
868020
868175
869239
869321
869383
1019894
1020475
1020632
1029862
1029865
1029866
1029867
1029868
1029869
1029869
1029870
1029871
1029875
1029876
1029877
1029878
1029879
1029879
1029880
1029881
1029882
1030340
1030342
1030343
1030344
1031872
1031875
1031926
1035903
1035906
1035957
1039969
1040259
1054951
1054953
1054953
1054954
1055310
1055500
1139958
1140568
1140736
1304242
1304807
1304963
1305018
1648915
1648924
1649339
1649340
1649340
1649341
1649360
1649361
1649578
1649691
1649808
1650062
1650063
1650290
1650408
1650741
1708012
1708564
1708764
1768000
1768548
1768734
1904015
1904601
1904753
1904807
1943328
1943329
2040134
2040714
2040908
2050113
2050116
2050117
2050118
2050127
2050128
2050129
2050130
2050131
2050131
2050132
2050133
2050134
2050135
2050136
2050137
2050296
2050297
2050383
2050459
2050460
2050559
2050567
2050718
2050771
2050772
2050978
2051106
2052461
2052464
2054424
2054788
2055001
2056507
2056510
2074393
2121298
2121299
2121651
2122011
2122161
2122162
2122198
2122438
2122445
2151394
2151957
2152158
2159189
2159538
2159688
2503962
2658481
2658492
2658854
2658865
2658888
2658916
2659032
2659052
2659102
2659112
2659222
2659282
2659362
2659392
2659423
2659425
2659666
2659727
2659821
2659912
2659962
2660086
2661648
2662686
2662689
2662829
2662862
2667862
2668221
2668389
2806202
2806204
3059297
3059845
3060042
3060194
3060199
3060220
3060221
3060222
3060223
3060224
3060225
3060225
3060226
3060227
3060230
3060231
3060232
3060233
3060234
3060235
3060236
3060237
3060238
3060392
3060572
3060756
3060840
3062223
3066238
3083156
3083474
3083572
3090281
3090634
3090810
3104071
3179400
3179995
3180152
3567886
3568482
3568655
3658662
3658663
3658730
3704079
3704464
3747856
3748450
3748682
3989965
3990475
3990476
4047850
4048521
4048767
4079443
4080012
4080179
4089404
4089407
4089408
4089409
4089410
4089410
4089415
4089416
4089417
4089418
4089419
4089419
4089420
4089420
4089421
4089422
4089423
4089688
4089689
4089755
4089756
4089757
4089760
4089761
4089762
4089824
4089922
4090064
4090123
4090124
4091442
4091696
4091798
4091799
4095462
4095717
4095820
4095821
4099480
4099798
4107859
4108222
4108414
4199511
4200085
4200262
4304109
4433408
4458512
4458519
4458916
4458924
4458949
4458960
4459078
4459100
4459136
4459146
4459272
4459332
4459432
4459501
4459501
4459756
4459872
4459905
4460061
4460062
4460198
4461758
4462776
4462779
4462925
4462952
4467892
4468237
4468480
4496959
4496960
4496962
4904063
4904729
4907683
4908067
4908252
5099559
5100212
5100378
5100563
5100568
5100593
5100594
5100595
5100595
5100596
5100597
5100598
5100598
5100602
5100603
5100603
5100604
5100605
5100606
5100607
5100608
5100609
5101145
5101257
5101496
5102613
5102616
5102617
5106640
5106643
5110654
5110962
5127874
5128572
5128922
5130651
5131012
5131232
5219629
5220258
5220436
5320012
5320013
5367886
5368542
5368852
5504171
5504759
5504914
5504969
6099665
6099843
6104629
6106640
6110656
6114674
6120152
6120496
6120663
6130137
6130140
6130141
6130141
6130148
6130148
6130149
6130150
6130151
6130151
6130152
6130152
6130153
6130154
6130155
6130155
6130156
6130329
6130330
6130388
6130391
6130452
6130457
6130515
6130516
6130517
6130518
6130522
6132373
6132525
6132529
6132529
6136377
6136532
6136535
6140285
6140287
6148360
6148699
6148915
6233868
6234437
6234582
6240215
6240564
6240750
6259017
6259025
6259391
6259395
6259415
6259419
6259553
6259564
6259645
6259666
6259735
6259855
6259875
6259879
6259942
6260005
6260193
6260245
6260375
6260395
6260516
6260555
6262114
6263150
6263152
6263279
6263309
6268367
6268706
6268880
6704641
6863381
6863800
6949885
6949886
6949886
7139669
7140238
7140436
7149684
7149687
7149688
7149689
7149690
7149691
7149692
7149693
7149694
7149695
7149699
7149700
7149701
7149701
7149702
7149703
7149704
7149705
7149706
7150329
7150331
7150406
7150583
7150639
7150895
7150896
7151698
7151702
7152946
7155730
7155733
7163117
7163122
7163131
7163460
7163756
7163903
7167858
7168208
7168436
7179760
7180336
7180488
7259739
7260355
7260530
7304157
7746003
7746513
7746514
7771087
7771087
7771183
7904186
8033511
8033519
8033519
8033987
8034140
8034140
8034141
8034345
8034539
8034539
8034682
8034833
8034839
8035009
8035103
8035329
8035481
8035700
8036055
8036854
8037508
8040865
8041536
8044896
8045553
8058602
8058615
8059051
8059054
8059088
8059112
8059229
8059240
8059289
8059305
8059458
8059518
8059538
8059626
8059627
8059648
8059813
8059929
8059959
8060081
8060109
8060229
8061788
8062829
8062832
8062973
8063008
8067950
8068318
8068493
8159831
8160458
8160607
8160754
8160758
8160779
8160780
8160781
8160785
8160785
8160786
8160787
8160788
8160788
8160789
8160789
8160790
8161065
8161067
8161118
8161121
8161324
8161328
8161329
8161329
8161526
8161527
8161608
8162796
8163159
8163562
8166826
8167180
8167585
8190822
8191280
8191467
8203830
8203837
8221381
8221954
8222158
8279916
8280567
8280735
8504274
8580099
8580102
8580102
8580102
8580508
8580698
8856473
8856481
8856988
8856989
8856989
8856990
8857017
8857018
8858086
8858425
8858734
8859040
8862011
8867021
8872032
8877050
8967694
8968323
8968567
9104030
9179671
9180296
9180458
9180614
9180625
9180647
9180650
9180651
9180652
9180653
9180654
9180655
9180655
9180656
9180657
9180660
9180661
9180661
9180662
9180663
9180664
9180664
9180904
9180994
9181318
9181319
9181333
9181619
9182666
9182673
9182674
9182674
9186682
9186687
9186687
9207677
9208265
9208497
9210706
9211054
9211228
9223690
9225708
9229717
9236795
9237140
9237342
9275268
9275859
9276112
9295087
9299762
9300110
9300273
9370904
9370904
9704433
9704893
9858699
9858711
9859090
9859098
9859111
9859118
9859271
9859290
9859323
9859333
9859480
9859520
9859621
9859623
9859651
9859688
9859944
9860010
9860091
9860185
9860241
9860340
9861905
9862911
9862913
9863073
9863074
9868077
9868418
9868660
10157181
10157181
10157181
10200201
10200783
10201010
10201164
10201165
10201174
10201175
10201175
10201176
10201176
10201177
10201177
10201177
10201177
10201178
10201178
10201178
10201178
10201551
10201616
10201617
10201704
10201705
10201770
10201784
10201785
10202126
10203190
10203743
10207207
10207761
10211273
10211566
10211567
10211571
10228099
10228658
10228905
10231265
10231630
10231820
10292827
10292834
10292880
10293180
10304454
10320273
10320865
10321052
10322909
10323251
10323424
10768541
10769175
10769422
10904932
10905340
10939657
10939659
11220712
11221323
11221528
11221683
11221689
11221747
11221748
11221748
11221748
11221749
11221749
11221751
11221751
11221751
11221752
11221752
11221752
11221753
11221753
11221753
11221753
11222108
11222168
11222169
11222170
11222171
11222220
11223767
11224170
11227801
11248532
11249138
11249418
11251795
11252148
11252398
11340739
11341338
11341507
11502679
11503142
11504947
11634036
11634046
11634046
11634046
11634515
11634614
11634615
11634674
11634848
11636628
11640636
11642879
11642910
11642968
11643008
11643069
11643093
11643119
11643188
11643194
11643194
11643298
11643301
11643301
11643390
11643428
11643582
11643582
11643748
11643771
11643779
11644698
11648857
11648918
11648924
11649009
11649009
11649017
11649138
11649149
11649149
11649368
11649390
11649397
11649440
11649518
11649524
11649608
11649609
11649617
11649748
11649825
11649825
11649968
11649989
11649991
11659155
11659159
11659298
11659316
11659318
11659321
11659464
11659474
11659498
11659509
11659648
11659778
11659849
11659938
11660171
11660288
11660288
11660368
11660478
11660538
11660658
11662217
11663262
11663265
11663399
11663400
11668526
11668860
11669045
11671320
11671322
11671378
11671408
11671412
11671413
11671498
11671507
11671507
11671658
11671710
11671711
11671918
11671942
11671943
11716608
11716609
11716609
12096778
12097139
12097348
12104983
12148523
12149144
12149377
12240818
12241420
12241590
12241749
12241751
12241777
12241777
12241779
12241779
12241780
12241781
12241785
12241786
12241787
12241787
12241788
12241789
12241790
12241790
12241791
12241792
12242260
12242261
12242322
12242324
12242368
12242369
12243816
12247826
12268518
12269156
12269428
12271853
12272204
12272377
12360870
12361503
12361678
12475628
12475629
12568524
12569188
12569478
12704992
13163576
13164012
13221828
13221828
13221829
13260899
13261540
13261788
13261951
13261955
13261985
13261986
13261987
13261988
13261989
13261989
13261990
13261991
13261994
13261995
13261996
13261996
13261997
13261998
13261999
13262000
13262000
13262796
13262951
13262951
13262952
13264992
13269006
13288501
13289145
13289408
13305035
13379989
13380595
13380767
13459154
13459160
13459543
13459546
13459568
13459585
13459724
13459734
13459779
13459790
13459918
13459978
13460018
13460088
13460138
13460144
13460323
13460463
13460489
13460642
13460648
13460802
13461612
13462659
13462661
13462811
13462848
13468521
13468881
13469051
13905063
13907086
13911097
13915115
13983409
13983410
14280024
14280614
14280808
14280956
14280965
14281001
14281002
14281003
14281004
14281004
14281005
14281009
14281009
14281009
14281009
14281010
14281010
14281010
14281010
14281011
14281011
14281011
14281398
14281482
14281483
14281484
14281486
14281487
14281543
14283018
14283522
14287034
14287539
14308536
14309139
14309428
14311046
14311407
14311628
14368519
14369106
14369356
14400083
14400711
14400905
14504491
14744381
14744381
15104526
15233474
15233481
15233481
15234042
15234389
15234570
15234598
15234864
15234865
15235071
15235251
15235305
15235482
15235533
15235634
15235812
15236131
15236454
15237561
15238464
15239523
15241583
15242490
15243549
15243877
15244055
15244360
15245588
15246531
15249002
15258107
15258365
15258571
15258575
15258721
15258722
15258733
15258744
15258881
15258891
15258911
15258922
15259060
15259100
15259171
15259203
15259266
15259267
15259460
15259581
15259608
15259721
15259751
15259934
15261493
15262528
15262531
15262667
15262700
15267900
15268241
15268420
15299494
15300119
15300299
15300453
15300457
15300524
15300528
15300529
15300529
15300531
15300532
15300535
15300536
15300537
15300538
15300541
15300542
15300551
15300551
15300551
15300552
15300552
15300800
15301116
15301150
15301190
15301207
15301207
15302516
15302519
15302520
15302521
15306556
15306559
15306560
15327907
15328498
15328739
15330548
15330889
15331083
15419577
15420204
15420374
15493171
15493174
15493517
15493700
15704497
16088215
16088648
16091030
16091031
16091284
16091285
16091286
16091464
16091579
16091594
16091596
16091608
16091844
16091873
16092127
16092143
16092409
16092442
16167918
16168515
16168741
16223981
16223981
16223981
16304559
16305192
16319604
16320173
16320360
16320497
16320501
16320536
16320537
16320538
16320539
16320540
16320541
16320542
16320546
16320547
16320547
16320548
16320549
16320550
16320551
16320552
16320553
16320554
16320844
16320845
16320899
16320901
16347890
16348473
16348670
16350599
16350955
16351116
16371191
16371193
16371549
16439701
16440280
16440460
16496258
16496852
16497938
16516256
16522143
16522486
16522630
16522639
16904602
16958631
16958631
17033419
17033964
17034150
17058555
17058562
17058906
17058910
17058931
17058934
17059091
17059101
17059151
17059162
17059270
17059330
17059411
17059412
17059449
17059471
17059706
17059761
17059861
17059921
17060001
17060101
17060910
17061954
17061957
17062101
17062101
17067918
17068271
17068427
17339735
17340283
17340434
17340590
17340594
17340621
17340622
17340622
17340623
17340625
17340626
17340629
17340630
17340631
17340632
17340633
17340634
17340635
17340635
17340636
17340637
17340932
17341035
17341036
17341065
17341120
17341145
17341148
17341149
17341150
17341151
17341350
17342644
17342647
17343049
17346663
17346666
17347068
17367918
17368525
17368737
17459781
17460365
17460510
17483743
17484042
17484131
17504632
17504983
17681841
17681842
17681842
17967920
17968516
17968730
18104646
18359823
18360388
18360575
18360731
18360741
18360757
18360758
18360759
18360760
18360761
18360761
18360762
18360763
18360767
18360767
18360768
18360769
18360770
18360770
18360771
18360772
18360773
18361101
18361207
18361209
18361281
18361299
18361300
18361302
18361547
18361761
18362095
18362801
18362804
18365369
18365728
18365877
18366833
18366837
18370817
18371098
18387939
18388502
18388818
18390827
18391163
18391314
18408851
18408851
18408851
18425502
18425833
18448523
18448844
18455589
18455922
18456110
18479896
18480480
18480491
18480691
18704687
18705781
18833466
18833492
18833492
18833967
18834036
18834037
18836059
18840067
18844138
18858531
18858539
18858904
18858907
18858940
18858951
18859091
18859101
18859141
18859151
18859270
18859330
18859351
18859419
18859449
18859471
18859652
18859751
18859804
18859931
18859951
18860072
18861631
18862671
18862674
18862831
18862831
18867935
18868281
18868447
19014151
19014601
19145414
19145416
19145794
19145974
19305269
19380511
19381074
19381231
19381363
19381366
19381408
19381411
19381411
19381411
19381412
19381412
19381412
19381413
19381413
19381413
19381440
19381441
19381443
19381443
19381444
19381445
19381446
19381448
19381899
19381902
19408461
19408999
19409234
19411457
19411814
19411957
19500611
19501224
19501386
19768488
19769054
19769221
19887766
19887767
19905277
19907291
19911301
19915370
20400589
20401132
20401335
20401485
20401491
20401527
20401528
20401529
20401533
20401533
20401534
20401535
20401536
20401536
20401537
20401538
20401539
20401856
20401898
20401937
20401938
20401941
20402019
20402020
20402045
20402218
20402219
20402342
20428500
20429063
20429267
20431580
20431924
20432083
20505368
20505990
20506139
20506194
20520659
20521230
20521388
20636505
20636506
20659116
20659128
20659472
20659483
20659505
20659517
20659646
20659663
20659706
20659709
20659835
20659905
20659985
20660015
20660070
20660272
20660326
20660455
20660485
20660604
20660661
20662221
20663252
20663256
20663395
20663416
20668472
20668815
20668995
21105391
21105975
21106109
21106164
21387916
21387917
21387946
21420685
21421278
21421468
21421611
21421616
21421660
21421666
21421666
21421667
21421667
21421667
21421667
21421668
21421669
21421669
21421669
21421673
21421674
21421674
21421674
21421675
21421675
21422082
21422088
21422179
21422180
21451721
21452091
21452275
21540783
21541375
21541511
21568478
21569051
21569232
21705378
22126436
22126437
22305378
22348510
22349075
22349345
22434011
22434021
22434022
22434023
22434506
22434581
22434582
22434616
22434749
22434750
22434766
22434881
22435057
22435059
22435060
22435247
22435248
22435387
22435540
22440834
22441194
22441350
22441494
22441497
22441526
22441526
22441527
22441528
22441528
22441529
22441531
22441531
22441535
22441536
22441536
22441537
22441538
22441539
22441539
22441540
22441541
22441834
22441841
22441887
22441889
22441941
22441942
22442065
22442084
22442084
22442813
22442825
22442926
22442927
22443018
22443020
22443085
22443086
22443092
22443136
22443196
22443201
22443202
22443318
22443355
22443490
22443490
22443563
22443677
22443697
22443698
22443843
22443864
22443917
22443922
22444006
22444006
22444014
22444123
22444135
22444169
22444169
22444276
22444315
22444317
22444318
22447596
22447897
22448148
22448837
22448905
22448911
22448986
22448988
22448996
22449125
22449176
22449177
22449286
22449326
22449332
22449334
22449377
22449471
22449474
22449556
22449557
22449565
22449685
22449751
22449751
22449916
22449938
22449940
22451553
22451722
22451725
22452167
22459128
22459130
22459261
22459273
22459280
22459295
22459413
22459424
22459445
22459459
22459605
22459625
22459715
22459736
22459738
22459775
22459992
22460018
22460142
22460166
22460286
22460316
22461875
22462919
22462922
22463066
22463085
22468465
22468799
22468960
22471256
22471315
22471376
22471576
22471935
22472103
22559908
22560450
22560600
22770740
22771256
22858596
22858596
22858599
22858949
22859125
22905380
23299032
23299057
23299579
23299586
23299587
23299588
23299670
23299674
23299876
23300142
23300419
23300671
23304630
23308393
23308732
23308903
23309661
23314687
23319699
23368377
23368922
23369159
23459847
23460454
23460636
23460805
23460808
23460848
23460849
23460849
23460854
23460854
23460855
23460856
23460857
23460857
23460858
23460859
23460859
23460859
23460859
23460860
23460860
23460860
23460860
23461445
23461446
23461502
23461652
23488389
23488975
23489275
23490893
23491245
23491433
23505295
23571376
23571376
23571466
23579940
23580287
23580435
23717289
23717896
23718436
23722598
23722601
23723034
23723246
23723250
23737273
24105319
24259026
24259036
24259390
24259393
24259417
24259425
24259546
24259556
24259606
24259618
24259735
24259785
24259876
24259927
24259956
24260199
24260286
24260356
24260476
24260496
24260626
24262185
24263230
24263233
24263373
24263397
24268400
24268756
24268958
24283056
24283057
24283057
24479934
24480529
24480735
24480896
24480905
24480938
24480939
24480939
24480940
24480941
24480945
24480946
24480946
24480947
24480947
24480947
24480947
24480948
24480948
24480948
24480949
24480949
24481315
24481317
24481318
24481372
24481539
24481540
24481541
24481541
24481545
24481546
24481548
24482942
24483234
24483560
24483563
24487573
24487586
24508395
24509012
24509225
24511001
24511343
24511508
24600000
24600602
24600801
24705391
24705963
24706119
24706174
24985756
24985757
24985846
25168369
25168955
25169190
25305341
25500027
25500600
25500759
25500900
25500904
25505723
25505724
25505724
25505725
25505725
25505725
25505726
25505726
25505727
25505730
25505730
25505731
25505731
25505732
25505732
25505733
25505733
25506019
25506119
25507757
25507760
25511774
25511779
25515788
25528372
25528923
25529205
25530978
25531324
25531504
25620099
25620674
25620845
25699956
25699957
25699957
25905346
26033959
26033966
26033966
26034458
26034572
26034660
26035959
26059047
26059063
26059455
26059466
26059486
26059496
26059636
26059647
26059696
26059713
26059845
26059885
26059932
26059986
26060018
26060046
26060223
26060336
26060367
26060486
26060526
26060636
26062195
26063232
26063234
26063372
26063372
26068396
26068740
26068935
26410366
26410369
26410719
26410915
26505379
26520110
26520718
26520883
26521022
26521026
26526060
26526063
26526064
26526065
26526066
26526066
26526079
26526080
26526080
26526081
26526082
26526086
26526087
26526087
26526087
26526088
26526493
26526494
26526494
26526495
26526497
26526586
26526786
26526803
26526804
26526979
26526980
26527264
26527692
26528982
26529692
26533001
26533705
26534224
26534228
26534283
26537781
26537918
26548378
26549195
26549486
26549715
26551083
26551434
26551603
26640144
26640720
26640889
26968414
26969061
26969282
27105388
27111793
27111794
27540207
27540774
27540985
27541133
27541136
27541157
27541158
27541158
27541159
27541160
27541161
27541164
27541165
27541166
27541166
27541167
27541168
27541169
27541496
27541598
27541686
27541695
27541696
27541696
27541896
27541897
27541898
27541898
27542008
27568385
27568971
27569212
27660264
27660874
27661038
27705417
27822136
27822137
27822137
27822226
27833907
27834506
27834642
27859027
27859036
27859417
27859421
27859585
27859595
27859745
27859876
27860140
27860270
27860302
27860303
27860456
27860483
27860490
27860606
27860797
27860965
27861104
27862659
27863678
27863681
27863819
27863820
27868385
27868728
27868906
28305461
28463429
28463793
28523565
28523566
28560289
28560894
28561086
28561237
28561241
28570289
28570296
28570297
28570298
28570299
28570300
28570300
28570301
28570302
28570303
28570307
28570308
28570309
28570310
28570310
28570311
28570312
28570312
28570314
28570632
28570697
28570698
28570872
28570916
28571115
28571132
28571132
28571413
28588374
28588958
28589206
28591314
28591666
28591808
28680355
28680917
28681084
28768380
28768942
28769161
28905464
29239056
29239057
29239057
29505510
29580373
29580996
29581185
29581339
29581346
29581365
29581366
29581367
29581368
29581369
29581369
29581370
29581371
29581379
29581380
29581380
29581381
29581381
29581382
29581383
29581384
29581385
29581385
29581903
29581982
29581987
29581988
29581989
29581990
29581991
29583405
29583408
29583409
29584007
29587420
29587423
29588025
29620477
29624386
29624389
29626396
29626399
29630406
29630409
29633993
29633997
29633998
29634220
29634221
29634510
29634511
29634770
29634839
29635087
29635140
29635250
29635437
29635587
29635711
29635713
29636019
29640027
29644040
29649519
29659030
29659034
29659183
29659186
29659194
29659205
29659325
29659336
29659350
29659360
29659516
29659535
29659648
29659676
29659917
29660004
29660095
29660185
29660236
29660326
29661886
29662934
29662935
29663068
29663069
29665558
29667567
29668371
29668704
29668905
29671587
29678701
29679040
29679183
29700430
29701030
29701206
29953256
29953258
29953603
29953795
30105541
30283738
30284131
30530966
30530971
30531466
30531467
30531936
30532412
30532881
30532982
30533356
30536485
30536827
30536978
30537163
30537495
30541020
30541023
30543059
30547077
30548285
30548436
30551106
30551109
30553150
30557160
30568392
30568943
30569172
30600449
30601058
30601226
30601382
30601387
30601411
30601412
30601413
30601414
30601415
30601419
30601420
30601421
30601421
30601422
30601423
30601423
30601424
30601425
30601426
30601426
30601427
30601876
30601876
30601877
30601878
30601941
30601943
30601946
30601946
30601947
30602021
30602022
30603963
30603967
30604016
30604017
30607989
30608042
30608043
30616964
30618991
30623010
30628400
30628734
30628925
30631456
30631796
30631943
30644955
30646966
30650974
30680316
30680317
30705580
30720499
30721086
30721275
30938185
30938763
30940893
30959016
31305613
31436746
31436748
31436748
31459058
31459066
31459423
31459430
31459447
31459462
31459566
31459585
31459596
31459613
31459765
31459795
31459876
31459896
31459929
31459964
31460168
31460206
31460316
31460353
31460476
31460496
31461605
31462649
31462656
31462799
31462835
31468417
31468766
31468956
31620535
31621134
31621296
31630526
31630532
31630532
31630533
31630533
31630533
31630533
31630534
31630534
31630536
31630537
31630537
31630541
31630542
31630543
31630544
31630545
31630545
31630546
31630547
31632524
31632547
31632547
31632577
31632577
31632578
31632578
31632579
31632580
31632581
31632581
31632978
31636523
31636526
31636578
31636578
31640592
31640596
31640761
31648373
31648705
31648865
31740610
31741212
31741386
31884791
31885166
31885277
31905655
32236716
32236716
32368421
32369012
32369275
32505697
32640657
32641247
32641403
32641550
32641555
32641595
32641606
32641607
32641608
32641609
32641610
32641614
32641615
32641616
32641616
32641617
32641626
32641627
32641627
32641628
32641629
32641629
32641630
32641955
32641958
32642084
32642103
32642104
32642106
32642133
32644131
32648150
32668399
32668945
32669196
32671620
32671955
32672105
32760747
32761353
32761528
33030296
33030298
33105679
33233889
33233952
33233953
33233953
33234368
33234522
33234528
33234529
33234716
33242847
33242863
33242937
33242938
33243037
33243039
33243126
33243132
33243132
33243236
33243245
33243245
33243373
33243405
33243541
33243541
33243696
33243717
33243727
33248868
33248956
33248963
33249046
33249047
33249058
33249176
33249242
33249242
33249377
33249416
33249426
33249428
33249470
33249566
33249571
33249646
33249654
33249658
33249776
33249835
33249836
33249976
33249997
33249999
33259058
33259061
33259199
33259206
33259210
33259221
33259346
33259356
33259380
33259390
33259546
33259576
33259677
33259712
33259980
33260036
33260175
33260235
33260311
33260396
33261955
33262967
33262970
33263107
33263107
33268381
33268714
33268880
33292971
33292983
33293247
33293276
33293278
33293306
33293366
33293375
33293375
33293536
33293597
33293600
33293826
33293853
33293856
33414286
33414288
33414631
33414825
33660787
33661367
33661539
33661671
33661672
33661683
33661684
33661684
33661684
33661685
33661685
33661686
33661686
33661687
33661687
33661687
33661687
33661688
33662026
33662044
33662163
33662225
33662243
33662244
33663714
33667725
33705768
33780847
33781410
33781592
33799556
33799557
33799636
34039743
34040128
34168404
34168964
34169124
34305779
34573886
34573887
34680885
34681436
34681616
34681761
34681766
34681794
34681795
34681796
34681797
34681798
34681799
34681799
34681803
34681804
34681805
34681806
34681806
34681807
34681808
34681808
34681809
34681810
34681811
34682111
34682112
34682173
34682184
34682190
34682192
34682257
34682258
34682259
34684306
34684308
34684308
34688319
34688322
34688322
34697303
34699310
34703321
34708418
34708743
34708945
34723130
34723137
34725141
34725146
34729151
34729154
34800945
34801599
34801764
34905808
34907823
34911833
34915901
35059036
35059043
35059388
35059391
35059422
35059433
35059546
35059556
35059606
35059625
35059725
35059785
35059873
35059896
35059928
35060180
35060276
35060336
35060456
35060476
35060606
35061260
35062308
35062311
35062451
35062486
35068420
35068758
35068925
35387996
35387997
35388066
35505801
35548418
35548975
35549144
35700954
35701486
35701641
35701781
35701784
35701818
35701819
35701820
35701821
35701822
35701822
35701823
35701824
35701825
35701826
35701829
35701830
35701831
35701831
35701832
35701833
35701833
35701834
35702136
35702188
35702189
35702284
35702316
35702353
35702359
35702521
35703846
35703849
35707866
35707869
35728400
35728990
35729166
35731875
35732217
35732362
35746380
35746386
35746720
35821041
35821630
35821835
35968406
35968990
35969188
36105887
36221226
36221229
36221229
36459307
36459640
36705906
36721048
36721627
36721805
36721949
36721954
36721982
36721983
36721984
36721985
36721985
36721990
36721991
36721992
36721993
36721994
36721994
36721995
36721996
36721996
36721997
36722217
36722217
36722223
36722228
36722229
36722306
36722316
36722461
36722535
36722551
36722857
36724212
36724264
36724266
36728236
36728289
36728290
36748420
36749019
36749220
36752029
36752368
36752515
36833969
36833977
36833980
36834440
36834783
36834936
36834995
36835140
36835141
36835141
36835304
36835312
36835314
36835440
36835597
36835651
36835810
36835900
36835901
36836084
36836085
36836219
36841124
36841466
36841606
36859015
36859026
36859436
36859447
36859466
36859477
36859615
36859626
36859666
36859669
36859806
36859856
36859936
36859938
36860001
36860002
36860289
36860318
36860436
36860466
36860596
36860596
36862157
36863190
36863193
36863330
36863366
36868411
36868751
36868919
37055726
37055728
37055853
37056103
37056242
37305931
37650752
37651150
37741094
37741752
37741894
37742036
37742047
37742071
37742072
37742073
37742074
37742075
37742075
37742076
37742079
37742080
37742081
37742082
37742082
37742083
37742083
37742084
37742085
37742394
37742431
37742432
37742500
37742506
37742507
37742576
37742579
37742689
37742891
37743012
37744114
37748134
37762700
37762710
37763200
37763201
37763202
37763202
37763346
37763347
37763459
37763459
37763718
37763718
37763956
37763957
37764194
37764227
37764696
37768404
37768747
37768906
37772118
37772471
37772626
37795791
37796148
37828379
37828938
37829114
37861188
37861719
37861861
37887713
37887714
37887714
37905932
38160005
38160592
38164676
38179060
38505945
38548402
38549001
38549180
38633924
38634509
38634646
38659031
38659056
38659417
38659420
38659452
38659458
38659567
38659595
38659596
38659614
38659755
38659825
38659906
38659907
38659908
38659996
38660165
38660173
38660292
38660326
38660436
38660473
38662032
38663062
38663065
38663204
38663226
38668376
38668723
38668888
38710756
38710757
38710760
38749149
38761213
38761784
38761965
38762126
38762133
38762153
38762154
38762154
38762156
38762156
38762160
38762161
38762161
38762162
38762163
38762164
38762164
38762165
38762166
38762167
38762401
38762402
38762476
38762481
38762657
38762657
38762665
38762883
38762885
38762886
38763429
38764173
38764176
38764437
38764492
38768201
38768454
38772217
38774226
38778238
38782302
38782640
38782642
38784663
38784666
38788378
38788680
38788681
38788736
38788912
38792220
38792564
38792713
38881306
38881880
38882039
39105973
39476348
39476734
39568387
39568923
39569103
39627216
39627217
39706047
39706618
39706796
39706826
39781348
39781926
39782097
39782234
39782240
39782286
39782287
39782288
39782289
39782290
39782290
39782291
39782292
39782295
39782296
39782297
39782298
39782299
39782300
39782300
39782301
39782593
39782606
39782645
39784329
39788344
39812281
39812831
39813045
39819406
39819409
39819465
39901431
39902006
39902215
40306045
40306614
40306779
40306834
40433992
40434016
40434017
40434420
40434579
40434700
40436034
40440043
40444057
40459022
40459046
40459390
40459394
40459416
40459419
40459546
40459556
40459567
40459597
40459725
40459755
40459836
40459876
40459877
40459898
40460120
40460186
40460236
40460336
40460396
40460486
40462045
40463085
40463088
40463220
40463221
40468399
40468772
40468936
40518026
40518027
40518028
40801441
40801992
40802186
40802336
40802347
40802371
40802372
40802373
40802374
40802375
40802376
40802380
40802380
40802381
40802382
40802383
40802383
40802384
40802385
40802386
40802386
40802677
40802718
40802718
40802719
40802719
40802720
40802720
40802883
40802884
40802884
40802885
40802887
40802905
40803235
40804728
40806754
40808767
40828399
40828960
40829119
40832428
40832758
40832911
40905997
40921497
40922046
40922192
40960906
40960907
40961246
40961415
41368390
41368961
41369134
41408896
41408897
41506029
41551800
41552152
41552154
41815916
41815917
41816259
41821528
41821876
41822056
41822216
41822221
41822251
41822252
41822253
41822254
41822254
41822255
41822258
41822259
41822263
41822264
41822264
41822265
41822267
41822267
41822268
41822268
41822268
41822643
41822649
41822650
41822650
41822651
41822654
41824261
41824270
41828284
41828288
41837740
41838069
41838505
41838642
41838646
41852291
41852850
41853066
41941531
41942073
41942227
42106045
42259053
42259066
42259397
42259400
42259426
42259429
42259546
42259557
42259586
42259606
42259745
42259765
42259878
42259879
42259906
42259907
42260164
42260186
42260306
42260343
42260457
42260487
42262047
42263090
42263092
42263236
42263254
42268403
42268743
42268905
42316426
42316428
42316428
42706065
42841594
42842158
42842336
42842480
42842486
42842507
42842507
42842508
42842509
42842510
42842510
42842511
42842512
42842516
42842517
42842517
42842518
42842519
42842520
42842520
42842521
42842522
42842523
42842523
42842760
42842762
42842816
42842969
42842970
42843030
42844549
42845009
42849027
42872565
42873141
42873335
42961683
42962251
42962414
43168392
43168959
43169125
43246916
43246917
43246917
43306091
43841924
43842296
43861699
43862270
43862433
43862572
43862576
43862613
43862613
43862614
43862615
43862616
43862617
43862618
43862621
43862622
43862622
43862623
43862623
43862624
43862634
43862635
43862635
43862803
43862963
43863033
43863038
43863039
43863040
43863334
43864634
43864636
43868670
43868675
43872695
43888412
43888974
43889165
43892639
43893010
43893170
43906182
43906794
43906943
43906998
43981758
43982310
43982468
44033921
44033931
44033931
44033931
44034342
44034464
44034466
44034466
44034629
44034631
44034646
44034800
44034928
44034931
44035118
44035219
44035225
44035384
44035445
44035560
44035651
44037161
44041184
44042857
44042946
44043038
44043096
44043166
44045196
44049542
44059044
44059049
44059179
44059186
44059191
44059202
44059332
44059335
44059343
44059353
44059515
44059516
44059636
44059666
44059666
44059667
44059931
44059966
44060086
44060108
44060226
44060266
44061824
44062831
44062834
44062965
44062993
44068405
44068766
44068909
44070179
44070236
44070266
44201756
44201757
44201758
44202092
44202266
44506145
44796807
44797188
44817406
44817408
44817748
44881786
44882335
44882515
44882664
44882667
44882710
44882723
44882726
44882727
44882728
44882737
44882738
44882738
44882739
44882740
44882746
44882746
44882747
44882747
44883026
44883079
44883080
44883081
44883081
44883081
44883202
44883216
44883376
44883434
44883435
44883435
44883785
44885108
44885111
44885461
44889136
44889139
44889492
44912736
44913311
44913453
44958216
44958218
44958475
44963366
44963369
44963622
44963623
44963624
44963625
44963864
44963865
44963897
44963927
44964167
44964267
44964418
44964561
44964659
44964838
44968373
44968711
44968915
45001846
45002409
45002558
45106151
45108165
45112176
45116243
45156636
45156637
45156637
45307796
45308181
45321824
45322380
45322531
45322532
45322533
45322534
45322555
45324557
45378520
45379116
45379277
45399392
45706167
45859047
45859051
45859421
45859424
45859455
45859475
45859566
45859587
45859636
45859646
45859765
45859825
45859903
45859904
45859956
45859962
45860188
45860246
45860346
45860405
45860496
45860556
45862115
45863160
45863163
45863296
45863301
45868424
45868766
45868928
45901854
45902482
45902620
45902773
45902776
45902806
45902808
45902808
45902809
45902810
45902811
45902812
45902813
45902814
45902815
45902816
45902819
45902820
45902821
45902822
45902822
45902823
45902824
45902825
45903126
45903316
45903336
45903337
45903474
45903477
45903480
45903618
45904855
45904863
45904864
45908855
45908862
45932846
45933416
45933569
46021914
46022460
46022636
46137036
46137037
46137037
46285393
46285716
46285811
46306152
46306660
46732079
46732485
46768416
46768994
46769181
46906234
46921945
46922522
46922676
46922811
46922813
46922820
46922821
46922821
46922821
46922823
46922823
46922824
46922824
46922825
46922825
46922825
46922826
46923096
46923147
46923172
46923395
46923417
46923418
46923418
46923533
46923569
46923574
46923575
46923576
46923752
46923972
46924197
46924848
46926228
46928887
46930247
46932911
46933114
46948413
46949023
46949189
46952897
46953254
46953398
47042040
47042591
47042749
47125216
47125217
47506254
47633980
47633987
47633987
47634521
47634523
47634524
47636554
47640563
47644582
47659053
47659076
47659429
47659432
47659456
47659459
47659582
47659607
47659607
47659623
47659766
47659805
47659906
47659946
47659971
47660144
47660258
47660335
47660416
47660506
47660558
47662117
47663131
47663134
47663263
47663296
47668396
47668775
47668985
47942046
47942586
47942732
47942899
47942903
47942931
47942932
47942933
47942934
47942935
47942935
47942936
47942937
47942938
47942939
47942942
47942943
47942944
47942944
47942945
47942946
47942946
47942947
47943326
47943444
47943649
47944940
47944943
47948958
47948961
47968400
47968910
47969105
47972984
47973340
47973487
48062137
48062686
48062849
48106274
48119727
48119728
48119728
48120077
48120245
48568386
48568974
48569223
48706274
48962174
48962766
48962926
48963086
48963091
48963131
48963132
48963132
48963133
48963138
48963138
48963139
48963140
48963140
48963141
48963142
48963142
48963143
48963144
48963145
48963146
48963460
48963466
48963467
48963468
48963524
48963525
48963617
48963618
48963619
48965481
48965637
48965640
48969500
48969655
48969660
48972949
48973004
48993154
48993715
48993905
49063854
49064361
49082262
49082839
49083063
49108379
49108970
49109204
49121936
49121936
49306315
49433887
49434487
49434666
49459061
49459077
49459431
49459442
49459457
49459470
49459586
49459605
49459616
49459626
49459795
49459796
49459916
49459936
49459937
49459938
49460202
49460227
49460346
49460378
49460506
49460527
49461587
49462630
49462633
49462796
49462796
49468393
49468732
49468901
49906318
49982293
49982845
49983009
49983141
49983146
49983153
49983153
49983154
49983154
49983154
49983155
49983155
49983155
49983156
49983157
49983157
49983157
49983158
49983158
49983158
49983158
49983159
49983159
49983608
49983613
49985165
49985168
49985169
49989178
49989179
49989179
49993234
49993541
50013198
50013766
50013965
50102376
50102976
50103155
50128046
50128046
50128144
50368386
50368942
50369170
50506319
50963394
50963801
51002374
51002968
51003116
51003251
51003255
51003310
51003312
51003312
51003317
51003318
51003319
51003319
51003320
51003321
51003322
51003323
51003323
51003324
51003325
51003621
51003622
51003707
51003710
51003772
51003773
51005653
51005806
51005807
51009668
51009823
51009826
51033354
51033931
51034106
51106358
51119986
51119986
51120116
51122445
51122790
51122939
51233905
51233915
51233915
51234261
51234454
51234594
51234750
51234752
51234925
51235076
51235230
51235401
51235550
51235728
51235861
51235898
51235954
51236102
51236104
51259024
51259032
51259342
51259345
51259366
51259369
51259496
51259507
51259524
51259535
51259675
51259705
51259823
51259856
51260124
51260176
51260306
51260365
51260456
51260516
51262075
51263115
51263117
51263279
51263279
51268389
51268736
51268923
51620376
51620378
51620406
51620740
51620878
51706379
52022486
52023034
52023188
52023334
52023339
52032469
52032472
52032473
52032474
52032479
52032480
52032480
52032481
52032482
52032482
52032483
52032484
52032484
52032486
52032733
52032739
52032740
52032849
52032851
52032917
52032952
52032954
52032955
52033146
52033149
52033157
52034479
52038511
52048400
52048764
52048982
52053397
52053749
52053899
52129806
52129808
52142577
52143110
52143295
52168378
52168406
52168407
52168806
52168807
52168808
52168808
52168831
52168832
52168923
52169049
52169050
52169104
52169279
52169280
52169504
52169538
52169719
52169768
52306398
52600367
52600926
52601193
52620716
52819876
52820309
52828371
52828705
52828878
52906415
53042587
53043111
53043255
53043396
53043406
53043425
53043426
53043427
53043428
53043429
53043430
53043432
53043436
53043436
53043437
53043438
53043439
53043439
53043440
53043441
53043442
53043442
53043443
53043700
53043759
53043863
53043958
53043958
53045711
53045964
53045967
53049727
53049981
53049985
53059049
53059054
53059204
53059216
53059217
53059228
53059470
53059476
53059480
53059491
53059645
53059675
53059797
53059856
53059860
53060133
53060220
53060326
53060435
53060488
53060586
53062099
53063692
53063695
53063835
53063836
53068420
53068773
53068965
53164172
53164718
53164876
53178320
53178321
53178410
53507945
53594361
53594363
53594363
53594724
53969900
53970438
53970650
54064210
54064762
54064924
54065070
54065076
54065102
54065103
54065104
54065105
54065105
54065106
54065107
54065108
54065108
54065109
54065110
54065111
54065114
54065115
54065116
54065117
54065117
54065118
54065119
54065421
54065503
54065588
54065620
54065896
54067128
54067131
54067131
54068395
54068726
54068884
54071141
54071144
54071145
54075206
54089915
54090458
54090644
54095153
54095499
54095649
54107953
54144741
54144747
54144838
54145080
54145471
54145480
54149916
54150254
54150470
54174800
54175356
54175512
54184273
54184628
54184773
54252240
54252242
54252242
54708003
54835427
54835451
54835451
54835451
54835813
54835975
54835976
54836030
54836220
54842827
54842852
54842910
54842940
54843003
54843042
54843067
54843074
54843100
54843151
54843154
54843154
54843154
54843248
54843280
54843359
54843359
54843600
54843621
54843622
54860508
54860531
54860867
54860878
54860900
54860911
54861014
54861025
54861070
54861081
54861170
54861260
54861280
54861320
54861402
54861570
54861698
54861729
54861849
54861920
54862051
54863360
54864404
54864407
54864540
54864541
54869918
54870127
54870180
54870210
54870270
54870448
55084276
55084874
55085029
55085167
55085171
55085192
55085193
55085194
55085195
55085199
55085200
55085201
55085202
55085202
55085203
55085204
55085205
55085205
55085206
55085207
55085443
55085530
55085531
55085640
55085740
55085754
55085755
55086091
55087198
55087552
55087755
55091217
55091572
55091775
55095287
55095574
55095575
55109899
55110413
55110598
55115207
55115557
55115710
55203349
55203912
55204063
55308006
55326120
55326121
55326121
55326477
55326650
55769872
55770413
55770581
55908032
56103365
56103884
56104035
56104177
56104181
56104214
56104215
56104216
56104217
56104217
56104218
56104219
56104220
56104223
56104224
56104225
56104226
56104227
56104227
56104228
56104229
56104675
56106256
56106260
56106261
56110273
56110280
56110281
56114295
56114578
56134254
56134819
56135000
56223454
56224030
56224166
56402580
56402581
56508082
56510094
56514103
56518125
56557393
56557394
56557395
56557396
56557540
56557551
56557591
56557611
56557657
56557664
56557710
56557718
56557750
56557750
56557757
56557910
56557920
56557932
56557960
56558071
56558073
56558130
56558210
56558310
56558401
56558460
56558500
56558550
56558750
56558774
56558828
56558829
56558830
56559010
56559124
56559130
56559182
56559319
56559324
56559324
56559324
56559324
56559324
56559324
56559324
56559325
56559325
56559325
56559325
56559325
56559325
56559325
56559375
56559376
56559401
56559500
56559522
56559523
56559523
56559650
56559651
56559652
56559653
56559654
56559654
56559705
56559706
56559770
56559945
56559994
56559994
56559996
56560163
56560163
56560200
56560331
56560838
56561338
56561540
56564852
56565557
56568416
56568418
56568419
56568419
56568420
56568580
56568584
56568585
56568587
56568590
56568591
56568593
56568594
56568595
56568596
56568598
56568599
56568734
56568737
56568737
56568737
56568765
56568766
56568768
56568769
56568776
56568777
56568779
56568781
56568862
56568891
56568893
56568977
56568978
56568979
56568981
56568982
56569151
56569151
56569152
56569152
56569306
56569308
56569318
56569319
56569319
56569448
56569450
56569461
56569464
56569466
56569609
56569611
56569614
56569621
56569622
56569761
56570165
56570428
56570434
56570436
56570572
56570574
56570581
56570647
56570647
56570648
56570803
56570805
56570807
56570808
56570809
56570810
56570825
56570826
56570962
56570963
56570970
56570991
56571104
56571111
56571112
56571114
56571115
56571120
56571121
56571160
56571283
56571285
56571286
56571290
56571291
56571449
56571453
56571453
56571454
56571455
56571612
56571614
56571615
56571782
56571784
56571811
56577399
56577709
56577711
56577712
56578917
56580182
56584645
56584651
56584903
56585106
56585121
56585348
56585359
56585607
56585880
56585892
56585893
56586134
56586145
56586290
56586402
56586418
56586670
56586970
56587021
56587024
56587024
56587024
56587025
56587025
56587026
56587026
56587026
56587026
56587027
56587027
56587028
56587028
56587291
56587355
56587356
56587358
56587358
56587360
56587362
56587362
56587363
56587364
56587365
56587366
56587367
56587367
56587368
56587369
56587370
56587371
56587371
56587372
56587373
56587374
56587375
56587376
56587376
56587377
56587378
56587379
56589063
56589066
56589070
56589372
56589375
56590225
56590333
56593064
56593081
56593081
56593384
56593384
56596922
56600238
56603117
56603333
56603874
56609903
56610241
56610257
56610413
56610450
56620287
56630316
56640345
56640452
56650341
56658581
56658583
56658584
56658585
56659927
56660341
56660548
56660550
56660552
56660675
56660696
56660704
56660719
56660834
56660844
56660894
56660904
56661030
56661050
56661133
56661200
56661201
56661204
56661424
56661520
56661574
56661710
56661722
56661850
56663410
56664444
56664447
56664576
56664603
56669912
56670257
56670366
56670430
56680391
56690400
56700411
56710415
57108108
57123469
57124043
57124200
57124335
57124341
57124361
57124362
57124362
57124363
57124364
57124368
57124369
57124370
57124371
57124371
57124372
57124373
57124373
57124374
57124375
57124375
57124669
57124670
57124670
57124680
57124713
57124715
57124843
57124900
57124926
57124927
57124928
57125129
57125271
57126386
57126535
57126705
57126756
57127102
57130729
57130781
57243493
57244066
57244216
57461020
57461021
57461021
57569917
57570507
57570710
57708137
57708718
58143583
58144114
58144257
58144389
58144393
58153573
58153580
58153582
58153590
58153591
58153592
58153596
58153597
58153598
58153599
58153600
58153602
58153602
58153607
58153607
58153608
58153796
58153975
58154050
58154250
58154264
58154681
58155568
58157594
58157599
58157988
58158323
58158468
58159574
58159631
58163662
58183648
58184195
58184337
58197650
58199656
58203664
58263648
58264166
58264308
58308133
58387125
58435482
58435511
58435511
58435857
58451043
58460529
58460534
58460671
58460674
58460674
58460683
58460816
58460827
58460844
58460854
58461010
58461040
58461090
58461140
58461142
58461173
58461379
58461470
58461523
58461620
58461670
58461770
58463330
58464387
58464392
58464533
58464533
58469906
58470850
58472750
58476550
58484150
58499350
58499989
58500025
58500152
58500153
58500270
58500297
58500420
58500430
58500570
58500657
58500925
58501022
58501129
58501130
58501131
58501131
58501133
58501133
58501134
58501134
58501134
58501135
58501135
58501135
58501136
58501136
58501313
58501354
58501355
58501412
58501590
58501668
58501669
58501681
58501682
58501716
58501717
58501718
58501719
58501720
58501721
58501722
58501723
58501724
58501724
58501726
58501726
58501727
58501728
58501729
58501731
58501732
58501733
58501734
58501734
58501735
58501736
58501737
58501738
58501739
58504106
58504182
58504183
58504184
58504185
58504186
58504186
58504187
58504188
58504189
58504189
58504190
58504191
58504191
58504192
58504361
58504361
58504362
58504363
58504364
58504365
58504365
58504371
58504372
58504373
58504374
58504374
58504375
58504380
58504408
58504497
58504498
58504508
58504509
58504510
58504511
58504512
58504513
58504528
58504529
58504530
58504531
58504532
58504613
58504655
58504656
58504718
58504768
58504979
58505067
58505068
58505068
58506377
58506532
58506532
58506533
58506534
58506534
58508002
58510387
58510541
58510543
58510544
58510544
58510544
58513002
58517229
58520535
58520539
58520598
58520680
58520690
58520698
58520709
58520839
58520851
58520866
58520899
58520900
58521030
58521060
58521138
58521190
58521193
58521193
58521437
58521510
58521570
58521670
58521730
58521810
58523370
58524371
58524373
58524428
58524524
58524525
58528047
58529750
58531091
58534445
58534744
58538052
58543098
58545142
58549150
58553162
58558066
58558362
58561029
58561033
58561316
58561431
58565699
58570711
58575710
58576003
58580604
58585447
58590453
58595465
58595773
58600472
58605517
58621030
58621499
58621610
58908164
58921460
58921462
58921462
58921462
58921735
58921860
59163678
59164172
59164270
59164360
59164364
59173643
59173646
59173647
59173648
59173649
59173650
59173651
59173652
59173653
59173654
59173657
59173671
59173671
59173671
59173671
59173672
59174055
59174220
59174253
59174254
59174722
59175656
59175663
59179673
59179681
59208150
59208157
59208432
59283762
59284239
59284400
59340010
59340100
59340101
59341064
59341349
59341510
59508237
59508727
59508811
59508867
59823185
59823650
59825161
59844029
60108192
60163020
60163120
60163121
60183789
60184280
60184440
60193774
60193777
60193778
60193778
60193784
60193785
60193786
60193786
60193787
60193788
60193788
60193789
60193790
60193791
60193791
60193792
60193793
60193794
60194124
60194130
60194131
60194132
60194151
60194152
60194153
60196168
60196171
60200188
60200191
60235404
60235898
60235984
60236072
60241070
60241370
60241490
60260548
60260561
60260877
60260888
60260904
60260915
60261027
60261038
60261054
60261071
60261210
60261240
60261351
60261352
60261390
60261640
60261665
60261814
60261820
60261940
60261967
60263526
60264555
60264558
60264695
60264695
60301230
60303873
60304158
60304272
60687432
60687770
60687864
60708217
60898884
60899180
60966801
60966900
60966901
61203891
61204371
61204510
61204613
61204617
61209545
61209548
61209549
61209550
61209550
61209551
61209552
61209553
61209553
61209554
61209555
61209556
61209559
61209560
61209561
61209562
61209562
61209563
61211576
61211581
61211582
61211583
61215596
61215625
61215626
61215627
61234666
61235181
61235330
61308073
61323785
61324269
61324357
61748768
61748769
61748859
61908026
61957089
62035298
62035308
62035308
62035707
62035801
62035803
62040924
62041195
62041310
62060369
62060377
62060705
62060708
62060727
62060730
62060856
62060869
62060886
62060897
62061046
62061076
62061216
62061237
62061515
62061567
62061696
62061726
62061846
62061877
62063436
62064471
62064473
62064608
62064608
62224452
62224947
62225037
62225125
62225134
62225141
62225146
62225147
62225148
62225149
62225150
62225151
62225151
62225152
62225153
62225154
62225154
62225155
62225156
62225157
62225157
62225398
62225399
62225456
62225457
62225469
62225472
62225473
62225474
62225475
62225475
62225532
62227436
62227488
62227539
62231452
62231506
62231557
62255490
62255981
62256105
62344513
62345001
62345115
62508779
62533985
62533987
62534270
62534425
62581588
62582065
62582177
62941408
62941890
62942012
63108677
63109136
63109223
63109278
63109589
63244365
63244793
63244914
63254344
63254354
63254355
63254355
63254355
63254355
63254356
63254359
63254360
63254361
63254362
63254367
63254367
63254368
63254369
63254369
63254370
63254371
63254373
63254693
63254696
63254697
63254735
63254771
63254853
63254948
63255017
63256380
63256383
63256384
63260396
63260399
63260400
63284400
63284896
63284992
63340942
63340943
63340943
63340944
63364413
63364892
63365042
63708633
63757605
63759621
63763630
63767692
63768004
63768007
63781335
63781339
63781392
63781812
63781813
63781813
63781814
63781895
63782058
63782059
63782059
63782088
63782115
63782300
63782418
63782539
63782717
63782811
63783002
63783376
63787383
63841429
63841909
63842032
63860892
63860903
63861223
63861227
63861252
63861256
63861382
63861393
63861412
63861423
63861562
63861592
63861704
63861742
63861744
63862008
63862042
63862192
63862262
63862332
63862393
63863952
63864992
63864994
63865132
63865132
64149853
64149882
64149883
64264388
64264860
64264992
64265094
64265097
64265115
64265116
64265121
64265122
64265123
64265124
64265124
64265125
64265125
64265126
64265127
64265127
64265128
64265129
64265285
64265393
64265432
64265433
64265495
64265496
64265522
64265792
64265794
64267129
64267135
64267443
64271156
64271159
64271461
64275177
64275180
64275403
64275404
64275593
64277446
64277449
64281457
64281463
64295345
64296172
64296622
64296702
64308665
64384480
64384976
64385067
64741401
64741849
64741971
64908684
64933182
64933183
65284508
65285432
65287272
65290952
65294491
65294502
65294502
65294503
65294503
65294503
65294504
65294504
65294504
65294504
65294505
65294505
65294505
65294506
65294507
65294508
65294508
65294509
65294783
65294784
65294784
65296535
65296538
65296539
65296539
65298312
65300551
65300554
65300555
65300556
65313032
65313842
65313873
65314117
65314248
65314253
65314402
65314413
65314552
65314583
65314742
65314879
65315211
65315382
65315516
65315520
65315601
65315603
65315603
65315604
65315605
65315606
65315606
65315606
65315607
65315607
65315607
65315607
65315814
65315868
65315997
65315998
65315999
65315999
65316000
65316001
65316002
65316003
65316004
65316005
65316006
65316010
65316011
65316012
65316013
65316014
65316015
65316016
65316017
65316018
65316019
65316020
65316021
65316022
65316023
65316023
65316024
65316024
65316025
65316025
65316025
65316026
65316026
65316026
65316026
65316027
65316027
65316062
65316375
65316408
65318009
65318013
65318014
65318581
65318678
65318681
65318681
65318682
65318682
65318683
65318683
65318684
65318684
65318685
65318685
65318686
65318686
65318851
65318853
65318854
65318912
65318913
65318969
65318970
65318971
65318987
65318989
65318990
65319046
65319065
65319216
65319295
65319296
65319297
65319297
65319298
65319299
65319573
65319574
65319574
65319587
65319590
65319591
65319592
65319592
65319593
65319594
65319595
65319949
65320878
65320983
65321584
65321588
65321592
65321592
65321593
65322048
65322054
65322057
65324914
65325016
65325623
65325628
65325629
65325629
65325629
65342472
65360901
65360913
65361241
65361248
65361262
65361270
65361392
65361403
65361419
65361436
65361572
65361602
65361692
65361712
65361744
65361972
65362032
65362122
65362212
65362270
65362362
65363927
65364966
65364969
65365103
65365126
65375532
65376172
65376434
65376592
65389711
65394711
65399727
65404518
65404521
65404852
65404988
65409603
65414607
65419610
65424619
65429652
65434649
65439659
65444657
65449703
65495574
65496102
65496259
65508721
65635777
65635785
65635786
65635786
65636151
65636286
65636433
65642872
65642963
65643106
65643182
65643242
65660892
65660901
65661204
65661207
65661207
65661211
65661361
65661369
65661422
65661433
65661572
65661602
65661714
65661719
65661722
65661752
65661961
65662012
65662135
65662142
65662264
65662293
65663853
65664896
65664899
65665037
65665066
65670188
65670242
65670302
65675575
65675920
65676086
65812513
65812515
65812515
65812846
65813022
65975053
65975053
65975054
66108758
66304576
66305131
66305302
66305447
66305452
66310318
66310323
66310323
66310324
66310325
66310325
66310325
66310326
66310326
66310326
66310327
66310327
66310328
66310328
66310328
66310329
66310329
66310329
66312314
66312315
66312316
66316333
66316334
66316335
66335465
66335980
66336182
66424638
66425164
66425308
66575583
66576081
66576234
66615042
66615043
66708774
67045333
67045836
67046262
67066189
67274233
67274233
67274233
67308798
67309317
67323669
67324187
67324362
67333652
67333655
67333656
67333657
67333658
67333659
67333660
67333673
67333674
67333681
67333682
67333683
67333683
67333683
67333684
67333684
67333684
67333684
67333685
67333685
67333939
67333944
67334008
67334009
67334010
67334011
67334099
67335684
67335687
67336039
67336142
67339705
67339708
67340059
67340163
67343735
67343738
67443969
67444481
67444625
67461131
67461139
67461453
67461456
67461483
67461493
67461599
67461609
67461639
67461649
67461768
67461818
67461908
67461938
67461959
67462142
67462229
67462338
67462379
67462508
67462538
67463847
67464887
67464890
67465025
67465025
67475796
67476282
67476456
67909066
67911090
67915101
67919122
67974349
67974472
67974478
67974806
67974938
67974979
67974980
68344012
68344550
68344728
68344873
68344875
68354006
68354008
68354009
68354010
68354010
68354011
68354014
68354015
68354019
68354020
68354021
68354022
68354023
68354024
68354024
68354025
68354026
68354328
68354390
68354390
68354391
68354449
68354450
68354451
68356048
68356052
68356053
68360080
68360083
68360084
68360718
68360852
68360855
68361190
68364066
68366093
68370103
68374121
68464041
68464559
68464728
68509081
68511093
68515105
68519122
68670869
68670869
68670870
69070924
69071281
69071282
69109112
69155787
69156293
69156508
69235976
69236000
69236000
69236391
69236711
69236845
69236985
69237045
69237046
69237047
69261094
69261120
69261433
69261436
69261462
69261475
69261583
69261593
69261609
69261620
69261778
69261798
69261915
69261916
69261917
69261978
69262195
69262219
69262339
69262369
69262461
69262527
69264087
69265107
69265110
69265248
69265248
69275768
69276468
69276678
69276856
69364096
69364654
69364830
69366806
69366813
69367152
69367348
69374067
69374070
69374071
69374072
69374073
69374073
69374074
69374079
69374080
69374081
69374081
69374082
69374083
69374084
69374085
69374086
69374087
69374087
69374088
69374089
69374388
69374469
69374587
69374599
69374599
69374599
69374600
69374601
69376502
69376604
69376605
69376606
69380613
69380618
69380619
69395778
69396298
69396544
69455782
69456307
69456465
69484178
69484715
69484862
69709098
70069209
70069209
70069344
70175760
70176279
70176433
70309127
70311132
70315137
70319205
70384212
70384761
70384905
70385050
70385054
70390102
70390105
70390106
70390107
70390108
70390109
70390109
70390110
70390111
70390112
70390113
70390116
70390118
70390119
70390119
70390120
70390589
70390778
70390809
70390810
70392103
70392104
70392105
70396117
70396120
70396121
70415112
70415663
70415801
70504303
70504830
70504986
70782109
70782109
70782109
70909113
71015906
71015929
71016423
71016423
71016424
71016425
71016453
71016453
71016714
71016715
71016998
71017023
71017260
71017347
71017527
71017611
71035987
71036538
71036728
71061126
71061149
71061509
71061520
71061538
71061549
71061658
71061671
71061714
71061724
71061848
71061898
71062012
71062014
71062069
71062256
71062313
71062438
71062462
71062579
71062611
71063371
71064412
71064414
71064550
71064559
71075772
71076314
71076482
71404313
71404852
71404988
71405128
71405137
71405147
71405152
71405153
71405154
71405155
71405156
71405156
71405157
71405158
71405159
71405160
71405161
71405162
71405162
71405163
71405163
71405350
71405351
71405352
71405475
71405497
71405498
71405498
71405499
71405499
71405499
71405501
71405502
71405609
71405610
71407530
71407533
71411547
71411551
71435207
71435732
71435908
71459269
71459269
71509194
71511207
71515227
71519294
71524378
71524716
71524888
71975763
71976298
71976456
72109206
72109593
72167019
72167019
72167019
72424412
72424913
72425088
72425233
72425238
72425273
72425274
72425275
72425276
72425277
72425278
72425279
72425280
72425280
72425281
72425282
72425285
72425286
72425287
72425288
72425289
72425290
72425291
72425579
72425758
72425799
72426024
72427274
72427284
72427285
72427287
72427295
72431306
72431309
72431310
72431310
72431311
72435373
72435377
72455297
72455824
72455968
72484419
72484547
72484551
72484606
72497239
72497571
72527315
72528078
72529598
72532638
72538718
72550878
72557426
72557545
72557547
72557638
72557654
72557788
72557799
72557909
72557998
72558258
72558298
72558412
72558484
72558485
72558486
72558486
72558488
72558489
72558489
72558489
72558490
72558490
72558490
72558491
72558491
72558491
72558492
72558492
72558492
72558687
72558715
72558804
72558806
72559268
72559948
72559987
72559988
72559989
72559990
72559991
72559992
72559993
72559993
72559994
72559995
72559996
72559997
72559998
72559999
72560000
72560000
72560001
72560002
72560003
72560003
72560004
72560005
72560006
72560008
72560009
72560010
72560490
72560491
72560492
72561104
72561108
72561247
72561259
72561268
72561280
72561413
72561417
72561429
72561440
72561511
72561575
72561576
72561577
72561577
72561578
72561579
72561579
72561580
72561581
72561581
72561582
72561583
72561584
72561584
72561585
72561585
72561598
72561599
72561688
72561692
72561701
72561702
72561703
72561704
72561713
72561714
72561739
72561748
72561757
72561758
72561808
72561817
72561818
72561894
72561895
72561896
72561897
72561898
72561898
72561899
72561900
72561900
72561901
72561906
72561907
72561908
72561909
72561918
72561919
72561923
72561924
72561988
72561997
72561998
72562002
72562002
72562003
72562072
72562138
72562258
72562283
72562399
72563585
72563638
72563731
72563933
72563937
72563937
72563937
72563938
72564037
72564038
72564489
72564492
72564492
72564602
72564603
72564739
72564769
72566041
72566044
72567598
72567751
72567953
72567958
72567958
72567958
72567959
72568057
72568058
72571673
72575198
72618431
72618906
72619029
72623838
72644241
72649255
72654254
72659290
72664291
72668547
72673549
72677053
72681171
72684314
72689326
72694333
72699346
72709207
72836036
72836045
72836046
72836428
72851641
72858451
72858744
72858988
72861097
72861102
72861237
72861249
72861262
72861289
72861417
72861428
72861478
72861489
72861598
72861698
72861778
72861799
72861859
72862091
72862209
72862239
72862378
72862390
72862518
72864084
72865117
72865118
72865269
72865299
73309233
73309699
73309779
73309834
73336898
73336901
73336901
73336901
73337188
73337338
73444501
73444964
73445082
73445169
73445179
73445195
73445196
73445197
73445198
73445199
73445200
73445201
73445202
73445203
73445204
73445204
73445206
73445207
73445207
73445210
73445211
73445212
73445212
73445213
73445214
73447204
73447207
73447208
73447209
73451226
73451231
73451231
73451231
73475274
73475785
73475908
73564561
73565069
73565150
73758430
73758928
73759039
73909237
74132999
74133001
74133001
74267397
74267871
74268528
74287813
74417975
74417999
74418341
74418344
74418369
74418371
74418498
74418509
74418520
74418530
74418688
74418718
74418798
74418828
74418879
74419096
74419241
74419248
74419384
74419448
74419586
74421146
74422045
74422108
74422189
74422191
74422249
74422250
74422479
74422619
74422696
74422966
74423843
74423980
74424037
74424375
74424739
74424878
74451729
74451768
74451858
74451860
74451918
74451920
74454124
74454401
74454498
74464566
74465418
74465679
74465769
74474543
74474546
74474552
74474553
74474553
74474554
74474555
74474555
74474556
74474557
74474558
74474558
74474559
74474560
74474561
74474561
74474763
74474766
74474899
74474901
74474901
74474906
74474907
74474908
74474910
74476573
74476927
74476932
74476932
74478445
74478720
74478829
74480586
74480940
74480944
74480945
74481498
74481624
74481625
74482298
74482429
74482431
74509244
74511448
74511586
74511588
74512328
74512464
74512466
74538437
74538945
74539058
74541568
74541704
74541705
74542298
74542454
74542455
74572129
74572273
74572274
74572338
74572456
74572457
74584629
74585105
74585219
74602789
74602790
74602828
74602959
74602960
74632208
74632341
74632343
74632448
74632597
74632598
74658475
74658995
74659109
74661115
74661120
74661269
74661279
74661290
74661304
74661448
74661449
74661459
74661460
74661479
74661589
74661590
74661628
74661629
74661752
74661788
74661791
74662056
74662088
74662208
74662278
74662358
74662439
74663448
74663582
74663584
74663640
74664635
74664638
74664776
74664798
74692428
74692564
74692565
74694288
74694424
74694426
74723118
74723246
74723247
74724288
74724423
74724425
74752558
74752687
74752689
74753378
74753510
74753515
74782008
74782143
74782144
74783318
74783454
74783456
74812688
74812826
74812828
74813358
74813490
74813491
74841038
74841349
74841448
74841450
74841598
74841600
74844288
74844433
74844435
74865412
74865689
74865781
74865872
74865876
74865959
74865959
74865990
74866019
74866020
74866020
74866050
74866051
74866051
74866109
74866110
74866110
74866110
74866111
74866111
74866139
74866140
74866140
74866141
74866142
74866142
74866199
74866200
74866201
74866201
74866201
74866201
74866201
74866202
74866202
74871438
74871576
74871577
74874278
74874423
74874425
74885890
74885893
74886190
74886418
74886548
74939399
74939401
75088572
75109258
75360496
75360519
75360519
75360519
75360519
75360859
75360908
75360943
75361059
75361075
75361149
75361150
75361158
75361244
75361278
75361414
75361414
75361728
75361871
75361899
75361901
75361901
75361902
75361902
75361902
75361902
75363368
75366649
75373208
75386328
75412568
75484593
75485088
75485238
75494643
75494645
75494645
75494646
75494646
75494646
75494647
75494647
75494649
75494649
75494649
75494649
75494651
75494652
75494652
75494658
75494659
75494921
75494922
75494922
75495092
75496689
75496693
75500714
75500717
75558468
75558920
75559034
75602409
75604661
75604958
75605039
75709288
75762389
75762488
75762490
76158581
76309293
76357500
76357818
76436004
76436015
76436015
76436016
76436408
76436469
76436503
76436504
76436567
76436649
76442885
76442969
76443075
76443123
76443179
76461119
76461125
76461476
76461487
76461499
76461510
76461628
76461639
76461650
76461660
76461808
76461848
76461928
76461949
76461983
76461984
76462204
76462298
76462349
76462478
76462479
76462610
76464165
76465193
76465196
76465316
76465339
76470201
76470259
76470329
76504678
76505152
76505239
76505338
76505343
76505360
76505360
76505361
76505366
76505367
76505367
76505368
76505369
76505370
76505370
76505371
76505372
76505373
76505374
76505374
76505639
76505649
76505650
76505652
76505706
76505706
76505707
76505758
76505780
76505781
76505854
76506010
76506138
76507387
76507390
76507692
76507695
76507696
76511418
76511723
76511726
76511728
76535419
76535922
76536039
76570099
76570100
76624729
76625238
76625378
76909292
76970659
76970661
76970661
76970943
76971068
76998471
76998942
76999059
77358443
77358934
77359049
77377679
77377679
77509321
77524732
77525227
77525378
77525459
77525465
77525505
77525506
77525507
77525508
77525509
77525510
77525511
77525511
77525512
77525513
77525515
77525516
77525517
77525518
77525768
77525918
77526005
77526120
77526123
77527515
77527519
77531540
77531544
77538461
77538735
77538853
77555539
77556028
77556110
77557548
77557553
77557824
77558648
77587616
77588094
77588248
77589224
77644791
77645243
77645359
78109329
78201969
78201969
78258455
78258461
78258466
78258897
78258897
78258897
78258898
78258949
78259023
78259023
78259138
78259171
78259284
78259420
78259659
78259685
78259930
78260063
78260452
78261092
78261096
78261228
78261239
78261259
78261276
78261372
78261386
78261439
78261449
78261558
78261628
78261669
78261708
78261759
78261791
78262063
78262065
78262187
78262218
78262336
78262368
78263927
78264962
78264965
78265107
78265108
78544819
78545288
78545408
78545519
78545527
78545542
78545547
78545549
78545549
78545550
78545552
78545552
78545553
78545554
78545554
78545555
78545556
78545556
78545557
78545558
78545725
78545727
78545785
78545786
78545787
78545789
78545838
78545898
78545900
78545900
78545954
78545958
78547546
78547948
78551572
78551981
78555619
78555926
78555927
78575806
78576307
78576396
78663893
78664377
78664490
78709363
78709801
78709889
78709944
78710212
79035249
79035249
79035249
79099260
79099262
79099269
79099349
79099352
79099410
79099417
79099444
79099455
79099538
79099567
79099578
79099599
79099679
79099679
79099803
79099941
79100031
79100122
79100278
79100307
79100389
79100390
79100573
79100762
79100762
79100766
79100766
79100818
79100819
79100819
79100974
79101063
79101099
79101131
79101131
79101252
79101254
79101255
79101256
79101257
79101260
79101260
79101261
79101262
79101263
79101288
79101359
79101359
79101360
79101442
79101494
79101495
79101521
79101522
79101545
79101859
79101892
79101894
79101896
79101958
79102013
79102014
79102102
79103159
79103514
79107184
79110808
79110812
79110814
79110834
79110836
79110910
79110931
79110933
79110934
79110938
79110940
79110944
79110945
79110948
79110949
79110951
79110954
79111082
79111083
79111085
79111086
79111087
79111089
79111090
79111091
79111092
79111093
79111094
79111116
79111200
79111202
79111204
79111206
79111231
79112055
79120861
79120866
79122097
79129530
79129531
79130145
79130146
79132099
79132207
79140943
79140946
79142120
79152136
79152545
79158460
79158768
79158928
79159497
79160129
79160934
79160937
79162138
79167122
79167129
79167396
79168416
79168422
79168429
79172146
79182155
79192158
79218279
79218279
79218280
79218281
79218378
79218390
79218429
79218440
79218491
79218501
79218588
79218589
79218601
79218628
79218731
79218798
79218945
79218969
79219032
79219158
79219249
79219251
79219299
79219444
79219595
79219599
79219668
79219959
79220218
79220243
79220245
79220248
79220249
79220301
79220302
79220303
79220512
79220544
79220608
79220630
79220684
79220788
79220790
79220792
79220879
79220881
79220883
79220935
79220961
79220962
79220964
79220965
79220965
79220966
79221192
79221232
79221233
79221259
79221625
79222429
79222686
79224047
79226713
79227272
79229983
79229988
79229989
79230193
79230279
79230282
79230283
79230371
79230373
79230374
79230375
79230377
79230378
79230493
79230494
79230579
79230581
79230582
79230669
79230671
79230672
79230674
79230769
79230770
79230772
79230774
79230978
79231062
79231068
79239997
79240000
79240663
79240665
79240866
79240959
79241277
79242080
79243694
79246905
79248922
79248923
79250022
79253075
79253081
79253083
79253084
79253084
79253085
79253287
79253330
79253331
79253349
79253703
79254511
79256133
79259352
79260006
79260010
79267128
79267209
79267209
79267210
79267411
79267502
79267814
79268626
79270238
79273460
79279017
79279974
79279978
79280036
79280037
79280039
79280129
79280252
79280278
79280280
79280329
79280659
79280659
79280660
79280922
79280923
79280924
79281042
79281043
79281462
79283072
79286284
79296303
79296316
79296518
79296588
79296921
79297728
79299339
79299993
79299996
79302543
79308929
79309341
79310066
79314461
79314470
79314471
79314472
79314473
79314675
79314760
79314793
79314794
79315022
79315074
79315139
79315140
79315904
79317520
79319981
79319984
79320764
79337261
79337268
79337275
79337302
79337303
79337303
79337303
79337504
79337535
79337536
79337559
79337930
79338737
79339045
79339931
79339934
79339934
79340341
79343559
79355239
79355241
79355442
79355537
79355845
79356654
79358266
79359983
79359986
79361497
79368944
79370048
79370187
79370189
79375918
79376038
79376040
79376041
79376044
79376044
79376045
79376046
79376248
79376320
79376321
79376339
79376669
79377476
79379087
79379991
79379994
79382282
79394949
79394949
79394951
79395153
79395239
79395556
79396365
79397975
79398975
79399982
79399986
79400018
79400160
79400161
79401218
79410489
79410495
79410497
79410699
79410798
79410986
79410989
79411142
79411233
79411234
79411234
79411334
79411336
79411962
79413573
79416801
79420016
79420039
79428963
79430128
79430270
79430272
79434265
79434272
79434277
79434296
79434498
79434539
79434717
79434718
79434920
79434984
79434985
79435050
79435050
79435732
79437345
79440003
79440006
79440581
79459982
79459985
79460199
79460199
79460199
79460200
79480022
79480028
79489120
79490108
79490251
79490253
79499976
79499980
79520019
79520025
79520299
79520301
79520338
79520368
79520369
79539977
79539983
79548936
79549418
79549986
79556630
79556632
79556992
79558405
79558411
79558417
79563895
79564169
79564298
79564388
79564399
79564418
79564419
79564420
79564421
79564421
79564422
79564424
79564424
79564425
79564426
79564427
79564428
79564431
79564431
79564432
79564433
79564434
79564434
79564435
79564846
79564847
79566421
79566423
79566423
79566874
79570435
79570436
79570436
79570888
79594441
79594871
79595008
79683965
79684457
79684569
79758609
79759081
79871739
79871739
79871739
79909362
80036053
80036061
80036062
80058442
80058901
80059068
80061089
80061093
80061223
80061233
80061258
80061280
80061373
80061383
80061438
80061449
80061558
80061628
80061705
80061762
80061765
80062002
80062062
80062188
80062248
80062329
80062389
80063944
80064973
80064976
80065114
80065114
80305372
80305374
80305374
80305374
80305654
80305775
80305855
80509797
80511811
80515824
80519891
80584441
80584944
80585064
80585175
80585180
80588965
80588973
80588974
80588975
80588975
80588976
80588977
80588978
80588979
80588980
80588980
80588981
80588981
80588982
80589151
80589153
80589211
80589291
80589292
80589293
80589295
80590995
80591299
80591302
80595025
80595329
80595332
80596931
80597221
80598911
80599027
80599189
80599345
80599377
80615269
80615739
80615829
80704545
80705019
80705145
80727752
80727754
80959063
80959543
80959696
81109979
81489153
81489623
81489781
81489874
81510044
81604759
81605206
81605316
81605416
81605420
81614758
81614762
81614762
81614763
81614764
81614764
81614765
81614766
81614770
81614771
81614772
81614772
81614773
81614774
81614775
81615139
81615139
81616762
81616813
81619992
81620798
81620852
81624868
81709937
81710414
81724808
81725277
81725426
81836591
81837032
81837116
81859051
81859503
81859616
81861724
81861728
81861856
81861863
81861870
81861882
81862006
81862016
81862028
81862038
81862196
81862216
81862336
81862360
81862362
81862625
81862736
81862776
81862816
81862956
81862957
81863085
81863644
81864658
81864661
81864795
81864796
82310082
82310586
82310666
82310718
82500656
82500748
82500750
82624852
82625356
82625516
82625617
82625620
82634850
82634853
82634854
82634859
82634860
82634861
82634861
82634862
82634863
82634864
82634867
82634868
82634868
82634869
82634870
82635041
82635137
82635139
82635189
82635190
82635214
82635289
82635329
82635346
82635447
82635510
82635511
82635511
82636887
82637289
82637547
82639062
82639340
82639464
82641320
82641572
82645584
82645825
82699078
82699555
82699666
82744951
82745436
82745526
82759038
82759516
82759646
82910059
83353825
83354157
83358989
83359125
83388737
83388738
83388738
83509836
83636436
83636444
83636444
83636849
83636937
83637002
83637151
83639015
83643023
83644732
83645038
83645167
83645257
83645261
83647085
83654721
83654727
83654728
83654728
83654728
83654729
83654729
83654729
83654729
83654730
83654730
83654731
83654732
83654735
83654735
83654735
83654736
83655052
83655144
83655162
83655177
83656761
83657164
83658829
83659110
83659198
83660802
83661204
83661509
83661514
83661650
83661661
83661678
83661695
83661810
83661821
83661842
83661852
83661997
83662027
83662087
83662145
83662167
83662377
83662517
83662518
83662668
83662677
83662804
83664359
83665213
83665366
83665388
83665547
83665548
83701028
83701029
83701029
83701585
83764761
83765228
83765377
83827748
83827750
83828029
83828147
83898852
83899339
83899450
84109834
84269141
84269143
84558656
84559117
84559280
84664696
84665195
84665282
84665380
84665384
84674730
84674732
84674732
84674732
84674732
84674733
84674733
84674733
84674733
84674734
84674734
84674734
84674735
84674914
84674918
84674977
84675051
84675093
84675098
84675180
84675194
84675263
84675328
84675329
84675506
84675507
84675679
84675773
84676018
84676019
84676722
84677013
84678046
84678049
84679396
84679403
84679671
84682065
84682071
84704958
84705445
84705570
84709692
84784767
84785232
84785321
85103413
85103413
85103414
85103415
85103417
85103505
85103517
85103543
85103554
85103633
85103644
85103693
85103712
85103713
85103752
85103842
85103844
85103963
85104133
85104234
85104290
85104443
85104584
85104593
85104644
85104927
85105350
85105350
85105354
85105354
85105406
85105406
85105407
85105567
85105634
85105701
85105727
85105734
85105816
85105853
85105877
85105933
85105937
85105938
85105972
85105991
85106063
85106064
85106069
85106121
85106122
85106307
85106366
85106408
85106409
85106410
85106411
85106427
85106428
85106704
85107551
85109161
85111409
85112384
85114891
85114897
85114897
85115123
85115203
85115209
85115209
85115210
85115210
85115210
85115211
85115211
85115389
85115391
85115393
85115413
85115416
85115416
85115417
85115418
85115419
85115483
85115567
85115575
85115577
85115660
85115661
85115825
85118593
85118598
85118829
85118893
85119231
85120040
85121645
85124856
85124860
85124860
85132240
85132242
85132244
85132245
85132245
85132246
85132447
85132506
85132507
85132533
85132847
85133656
85133809
85133810
85134917
85135278
85138493
85142219
85144878
85144881
85145627
85145629
85145830
85145923
85146241
85147044
85148653
85151864
85158374
85158648
85158812
85160052
85160135
85160137
85160143
85160145
85160146
85160147
85160148
85160350
85160385
85160386
85160447
85160750
85161578
85163186
85163784
85164890
85164893
85164953
85166419
85176101
85176108
85176310
85176401
85176713
85177519
85179130
85182325
85184849
85184853
85192314
85192315
85192317
85192318
85192319
85192319
85192521
85192595
85192596
85192619
85192952
85193789
85193904
85194940
85195395
85198619
85204894
85204897
85209099
85209112
85209315
85209377
85209718
85210524
85212134
85215354
85223754
85224860
85224863
85224982
85225093
85225094
85231892
85231977
85231979
85231985
85231987
85231988
85231988
85231989
85232191
85232263
85232269
85232269
85232592
85233416
85235027
85238241
85244907
85244910
85253690
85254919
85255354
85255354
85255556
85255559
85255560
85255643
85255813
85255814
85255815
85255816
85255871
85255873
85255978
85256790
85258398
85261607
85264932
85264935
85272322
85272413
85272421
85272421
85272622
85272713
85273026
85273832
85275443
85278661
85283753
85284909
85284912
85284964
85290122
85290243
85290244
85290250
85290251
85290252
85290253
85290254
85290456
85290543
85290546
85290547
85290886
85291693
85293311
85296527
85304904
85304907
85309401
85313771
85314932
85315043
85315045
85317105
85317109
85317109
85317110
85317110
85317110
85317310
85317397
85317402
85317403
85317712
85318514
85320123
85323335
85324895
85324898
85344024
85344053
85344897
85344903
85344903
85364909
85364933
85373778
85373779
85375042
85375166
85375170
85384900
85384903
85404173
85404174
85404929
85404932
85404962
85424903
85424910
85433734
85434892
85444911
85444914
85458364
85458828
85458983
85463732
85464888
85464891
85464962
85465097
85465098
85484925
85484931
85493903
85494906
85504924
85504927
85524503
85524504
85524910
85524911
85524932
85525043
85525044
85544923
85544930
85546940
85553799
85554967
85564937
85564941
85584613
85584614
85584919
85584920
85584950
85604893
85604899
85606930
85613714
85614892
85624910
85624913
85644813
85644813
85644919
85644919
85644994
85664935
85664943
85666971
85673766
85674953
85675063
85675065
85684486
85684776
85684891
85684892
85684893
85694459
85694462
85694463
85694464
85694465
85694468
85694469
85694470
85694471
85694471
85694472
85694476
85694477
85694478
85694478
85694479
85694480
85694480
85694481
85694802
85694803
85695623
85695713
85695717
85696015
85696473
85696478
85696479
85696479
85697158
85697425
85698378
85698678
85698832
85700516
85700520
85700521
85703687
85705730
85705733
85705856
85705977
85705978
85725772
85725779
85734518
85735726
85735797
85745755
85745757
85765747
85765750
85765997
85765997
85765998
85785765
85785777
85792922
85793048
85793200
85793349
85793603
85794719
85795719
85796107
85796108
85796114
85796171
85796257
85796349
85796447
85796449
85796558
85796559
85796559
85796559